datekey,ticker,revenue,netinc,ncf,cashneq,de,netmargin,eps,pe,ps,pb,bvps,P0,P1
2001-12-28,ABC,,,,0.297626,2.626,,,52.389,0.401,2.285,12.41,13.054333925,13.1193733111
2002-02-14,ABC,11.06878,0.067883,-0.040937,0.256689,2.747,0.006,0.16,,,2.283,7.032,13.0914992885,15.3678778021
2002-05-15,ABC,10.944267,0.091874,0.207126,0.463815,2.476,0.008,0.22,,,2.609,7.303,15.4886652334,13.7883498539
2002-08-14,ABC,11.620827,0.090224,-0.100409,0.363406,2.27,0.008,0.21,,,2.312,7.568,14.2343342157,11.0381129558
2002-12-24,ABC,11.60092,0.09496,0.299934,0.66334,2.381,0.008,0.22,16.369,0.125,1.703,7.805,11.0288216149,11.2053570915
2003-02-13,ABC,12.434533,0.092739,-0.296564,0.366776,2.497,0.007,0.22,16.032,0.127,1.734,8.006,11.0009475923,12.25527861
2003-05-12,ABC,12.162541,0.116414,-0.14082,0.225956,2.338,0.01,0.27,16.902,0.139,1.805,8.434,12.3481920187,12.5711841997
2003-08-13,ABC,12.420671,0.112546,-0.001133,0.224823,2.244,0.009,0.26,16.517,0.142,1.77,8.808,12.5804755405,13.0264599024
2003-12-19,ABC,12.639583,0.11953,0.575213,0.800036,2.006,0.009,0.27,16.146,0.143,1.779,8.979,13.0078772206,11.679215476
2004-02-12,ABC,13.355113,0.108474,-0.516811,0.283225,1.866,0.008,0.24,13.897,0.126,1.541,9.222,11.5955934081,12.3389006779
2004-05-12,ABC,13.363573,0.142152,0.380539,0.663764,1.915,0.011,0.32,13.75,0.128,1.557,9.529,12.1066171561,10.8615774792
2004-08-13,ABC,13.071594,0.125775,0.239407,0.903171,1.787,0.01,0.28,11.316,0.107,1.277,9.811,10.2297663,13.054333925
2004-12-10,ABC,13.388674,0.091989,-0.031828,0.871343,1.686,0.007,0.21,14.291,0.126,1.543,9.776,13.0636252659,12.2274045874
2005-02-07,ABC,13.639042,0.064449,-0.341804,0.529539,1.685,0.005,0.15,15.565,0.124,1.568,9.976,12.1995305648,12.9242551528
2005-05-09,ABC,13.191576,0.099422,0.623893,1.153432,1.795,0.008,0.23,17.473,0.125,1.602,9.49,13.128664652,14.7546493046
2005-08-05,ABC,13.831966,0.094777,-0.159701,0.993731,1.726,0.007,0.23,21.328,0.138,1.787,10.08,14.7918146681,16.7894529555
2005-12-09,ABC,13.918353,0.019501,0.321952,1.315683,1.659,0.001,0.05,32.081,0.156,1.983,10.317,16.7337049103,17.8579571558
2006-02-09,ABC,14.653147,0.097267,0.190405,1.506088,1.911,0.007,0.23,29.078,0.163,2.093,10.371,17.7836264288,18.062366655
2006-05-08,ABC,15.220679,0.129001,-0.105233,1.051725,1.862,0.008,0.31,27.188,0.161,2.073,10.734,18.1366973819,17.7650437471
2006-08-08,ABC,15.686315,0.119468,0.606615,1.65834,2.042,0.008,0.29,23.416,0.144,2.022,10.326,17.4584294983,19.1122881735
2006-12-08,ABC,15.643004,0.121978,-0.397072,1.261268,2.087,0.008,0.3,18.892,0.144,2.134,10.413,18.9636267195,21.6023675271
2007-02-07,ABC,16.725393,0.122187,-0.462879,0.798389,2.311,0.007,0.32,20.195,0.157,2.526,10.238,21.6395328906,21.1935485288
2007-05-08,ABC,16.512541,0.129496,-0.020007,0.778382,2.318,0.008,0.34,19.956,0.152,2.403,10.846,21.249296574,20.0488255998
2007-08-08,ABC,16.445928,0.129908,-0.291373,0.487009,2.451,0.008,0.35,16.144,0.124,2.176,10.087,19.7770662672,18.9756693165
2007-11-28,ABC,16.39045,0.087576,0.153195,0.640204,2.971,0.005,0.25,15.906,0.113,2.407,8.89,19.5295109505,19.9822545084
2008-02-08,ABC,17.372915,0.10982,-0.116065,0.524139,3.371,0.006,0.34,16.136,0.11,2.555,8.748,19.9251121176,18.6687349153
2008-05-07,ABC,17.846246,0.133852,0.067221,0.59136,3.265,0.008,0.41,14.525,0.098,2.272,9.142,18.3164946339,18.9278237176
2008-08-06,ABC,17.996666,-0.10802,-0.008274,0.583086,3.401,-0.006,-0.34,29.97,0.096,2.456,8.537,18.6234611362,13.2029222789
2008-11-25,ABC,17.157846,0.114907,0.295028,0.878114,3.508,0.007,0.36,18.567,0.066,1.717,8.662,13.2073572545,16.8174273704
2009-02-05,ABC,17.338377,0.111056,-0.407197,0.470917,3.625,0.006,0.36,23.223,0.083,2.153,8.801,17.0303061979,16.1726330229
2009-05-08,ABC,17.311651,0.143387,0.184412,0.655329,3.549,0.008,0.47,20.968,0.078,1.986,9.121,16.1370594556,18.2289691526
2009-08-06,ABC,18.393899,0.118807,0.257595,0.912924,3.574,0.006,0.4,12.459,0.087,2.184,9.328,18.2468057173,22.451239429
2009-11-25,ABC,18.716063,0.130147,0.096444,1.009368,3.996,0.007,0.44,14.296,0.1,2.649,9.283,22.4153461605,24.6048355373
2010-02-05,ABC,19.335859,0.151307,-0.029801,0.979567,3.946,0.008,0.53,14.03,0.103,2.783,9.552,24.2369295354,27.6741357208
2010-05-07,ABC,19.300627,0.181008,0.220305,1.199872,3.881,0.009,0.64,14.537,0.112,2.984,10.045,26.9181593304,27.5929035772
2010-08-03,ABC,19.60212,0.163205,0.110844,1.310716,3.778,0.008,0.58,13.361,0.109,2.852,10.424,27.0515124017,28.2383160241
2010-11-23,ABC,19.715373,0.141228,0.347466,1.658182,3.886,0.007,0.51,13.432,0.11,2.895,10.594,28.093085212,33.1126251546
2011-02-08,ABC,19.888609,0.1605,-0.257287,1.400895,3.771,0.008,0.58,15.514,0.128,3.383,10.747,33.1852405607,37.3450256758
2011-05-06,ABC,19.760257,0.214381,0.511541,1.912436,3.686,0.011,0.78,16.725,0.144,3.626,11.421,37.7455085249,33.5966726642
2011-08-08,ABC,20.161022,0.184419,0.088017,2.000453,3.638,0.009,0.67,13.31,0.117,2.911,11.712,31.6069756686,33.7332650649
2011-11-22,ABC,20.40767,0.147324,-0.174463,1.82599,4.226,0.007,0.55,13.392,0.118,3.301,10.76,33.6505854937,35.8094409649
2012-02-07,ABC,20.360645,0.162116,0.544345,2.370335,4.501,0.008,0.63,14.151,0.124,3.45,11.238,35.7083881556,33.1981639009
2012-05-10,ABC,20.071271,0.212105,-0.043241,2.327094,4.31,0.011,0.82,13.107,0.114,3.14,11.413,33.7236555261,35.8053975769
2012-08-09,ABC,19.769384,0.181271,-0.671346,1.655748,4.375,0.009,0.72,13.853,0.121,3.323,11.621,35.7961455362,38.6837410527
2012-11-27,ABC,19.288296,0.163494,-0.58914,1.066608,5.287,0.008,0.67,13.5,0.122,3.951,10.116,38.4690906198,43.303391673
2013-02-08,ABC,21.466314,0.168611,-0.649204,0.417404,5.63,0.008,0.73,14.877,0.134,4.618,10.059,43.7606904212,51.6543124165
2013-05-09,ABC,20.523668,0.045634,0.929893,1.347297,5.867,0.002,0.2,22.64,0.156,5.394,10.183,51.3824476143,55.2039713163
2013-08-07,ABC,21.906648,0.168439,0.220288,1.567585,5.856,0.008,0.73,24.833,0.163,5.609,10.468,55.2792580143,66.9864679466
2013-11-26,ABC,24.46904,0.051023,-0.336579,1.231006,7.155,0.002,0.23,37.451,0.185,7.002,10.066,67.1672039436,62.3158692868
2014-02-07,ABC,29.176362,0.041385,-0.883541,0.347465,7.807,0.001,0.18,49.762,0.159,6.785,9.761,63.2956486391,61.8252187852
2014-05-07,ABC,28.455903,0.180077,0.349265,0.69673,8.49,0.006,0.78,33.057,0.14,6.794,9.352,61.6056757819,72.825943129
2014-08-07,ABC,30.348154,-0.01278,0.565134,1.261864,9.386,0.0,-0.06,64.764,0.15,8.468,8.8,71.8010350776,86.7916894648
2014-11-25,ABC,31.588708,0.067802,0.546649,1.808513,10.003,0.002,0.31,71.441,0.165,10.094,8.735,87.0615880993,92.864408741
2015-02-06,ABC,33.588602,-0.199947,0.490243,2.298756,13.084,-0.006,-0.91,606.238,0.172,12.051,8.058,93.5391553272,110.274187697
2015-05-08,ABC,32.669267,-0.51339,0.038223,2.336979,13.093,-0.016,-2.33,-38.477,0.198,13.218,8.701,111.463258012,103.943363212
2015-08-06,ABC,34.233556,0.214163,0.218204,2.555183,16.348,0.006,0.98,-52.5,0.171,14.373,7.183,101.520440993,96.28981241
2015-11-24,ABC,35.470378,0.364287,-0.387741,2.167442,42.781,0.01,1.65,-150.162,0.149,31.972,2.987,96.0654970362,85.8152597382
2016-02-04,ABC,36.709046,0.330377,-1.189352,0.97809,22.658,0.009,1.6,43.853,0.125,13.339,6.305,82.3139893386,82.5291245078
2016-05-05,ABC,35.698357,0.604135,1.547197,2.525287,13.83,0.017,2.91,11.128,0.118,7.684,10.542,76.3705268906,84.1324385224
2016-08-02,ABC,36.88168,0.349803,-0.660085,1.865202,15.982,0.009,1.62,11.648,0.133,10.218,8.713,87.958428537,77.8066474248
2016-11-22,ABC,37.560603,0.143614,0.87663,2.741832,14.805,0.004,0.61,12.086,0.118,8.105,9.718,77.7669754567,82.934249301
2017-01-31,ABC,38.169265,0.247246,-0.950698,1.791134,15.026,0.006,1.13,14.102,0.128,8.96,9.68,86.5642343816,82.3233852162
2017-05-04,ABC,37.147402,0.411473,0.613299,2.404433,12.599,0.011,1.89,16.399,0.126,7.47,11.621,86.1672011946,91.27
2017-08-03,ABC,38.707144,0.050352,-1.092966,1.311467,12.571,0.001,0.23,20.997,0.118,7.011,11.677,81.71,80.83
