datekey,ticker,revenue,netinc,ncf,cashneq,de,netmargin,eps,pe,ps,pb,bvps,P0,P1
2001-11-29,ACN,,,,1.880083,20.48,,,6.958,0.551,26.072,0.822,17.0633154152,21.0763396659
2002-01-14,ACN,3.40851,0.081676,-0.750566,1.129517,14.372,0.024,0.2,,,24.361,0.859,19.8581001613,17.9312115329
2002-04-15,ACN,3.410102,0.010611,0.001914,1.131431,18.865,0.003,0.03,,,29.559,0.639,17.8675127353,11.2269130824
2002-07-15,ACN,3.433807,0.114461,-0.017935,1.21772,9.982,0.033,0.28,,,12.644,1.194,11.505595322,13.9341119816
2002-11-08,ACN,3.084605,0.038147,0.20348,1.396421,11.491,0.012,0.07,29.408,0.55,16.419,0.935,13.9420743313,13.8544884846
2003-01-14,ACN,3.327447,0.126871,0.156667,1.488299,8.695,0.038,0.27,24.099,0.527,12.0,1.244,13.5359944965,11.1950636835
2003-04-14,ACN,3.189023,0.118721,0.210933,1.690164,8.814,0.037,0.25,15.84,0.484,10.579,1.276,11.8639010587,15.0090291917
2003-07-15,ACN,3.418429,0.132141,0.277618,2.113122,7.757,0.039,0.28,21.218,0.678,12.137,1.559,16.3626286413,19.4281332773
2003-11-18,ACN,3.462341,0.120505,0.369967,2.415441,7.133,0.035,0.25,24.422,0.908,15.321,1.68,19.2051874856,20.6304480825
2004-01-13,ACN,3.574488,0.17434,-0.00251,2.334008,5.446,0.049,0.34,21.208,0.848,11.128,2.002,18.0426844288,20.0173471553
2004-04-08,ACN,3.682304,0.123089,0.523964,2.853615,5.455,0.033,0.23,23.429,0.912,11.063,2.141,20.0969706524,21.6894405931
2004-07-09,ACN,4.050241,0.210409,0.661032,3.514647,3.682,0.052,0.38,23.959,1.019,8.127,3.318,21.4903818505,20.0093848056
2004-11-05,ACN,3.806549,0.18299,-0.961689,2.552958,4.427,0.048,0.31,20.717,0.947,9.724,2.494,19.8979119098,21.1878125618
2005-01-10,ACN,4.071372,0.196273,-0.279436,2.273522,4.079,0.048,0.33,21.852,0.998,8.876,2.974,21.4664948014,19.8182884127
2005-04-08,ACN,4.216384,0.209786,0.786681,3.060203,3.951,0.05,0.35,17.044,0.844,7.221,3.189,18.870768798,19.2768486329
2005-07-11,ACN,4.49761,0.30528,-0.287172,2.773031,4.127,0.068,0.52,15.386,0.829,7.769,3.016,19.2848109826,21.079460907
2005-10-31,ACN,4.309054,0.229135,-0.289041,2.48399,4.279,0.053,0.39,16.03,0.882,8.884,2.899,21.2003293755,23.9158409679
2006-01-06,ACN,4.543016,0.21494,-0.797993,1.685997,5.97,0.047,0.37,18.487,1.009,15.214,1.988,25.1003519593,24.2220410881
2006-03-31,ACN,4.491112,0.06968,0.348037,2.034034,5.997,0.016,0.12,21.144,0.971,14.915,1.983,24.230098986,22.6426930997
2006-06-30,ACN,4.805327,0.342264,0.759682,2.793716,5.078,0.071,0.58,19.091,0.9,11.022,2.513,22.8199668535,25.7337481308
2006-10-18,ACN,4.388911,0.346445,0.273272,3.066988,3.972,0.079,0.58,19.158,1.023,9.844,3.188,25.9944255414,29.8720020246
2006-12-22,ACN,5.166359,0.284232,-0.629458,2.43753,4.345,0.055,0.47,20.597,1.139,12.456,2.88,29.6927863048,30.6214495802
2007-03-29,ACN,5.169353,0.296722,0.522409,2.959939,3.966,0.057,0.49,18.084,1.176,11.933,3.184,31.5093820101,34.8900421793
2007-06-29,ACN,5.543684,0.3454,0.133695,3.093634,4.351,0.062,0.57,19.924,1.251,13.503,3.092,34.9389191938,32.2127771023
2007-10-23,ACN,5.573351,0.316794,0.220762,3.314396,4.209,0.057,0.52,19.267,1.116,11.608,3.403,32.7887399113,30.6412214378
2007-12-21,ACN,6.101957,0.381285,-0.842023,2.472373,4.474,0.062,0.62,16.963,1.015,11.579,3.209,31.2665524875,29.1684022548
2008-03-28,ACN,6.057623,0.406557,0.111766,2.584139,4.219,0.067,0.67,14.409,0.898,9.997,3.435,29.0614377332,31.9659358984
2008-06-27,ACN,6.593201,0.469089,0.742284,3.326423,3.836,0.071,0.77,15.793,1.022,10.085,4.063,34.0147178904,26.2397342217
2008-10-20,ACN,6.561045,0.43482,0.276337,3.60276,3.88,0.066,0.71,11.54,0.771,7.685,4.117,26.6241379714,25.4124304994
2008-12-19,ACN,6.470608,0.479866,-0.819799,2.782961,4.276,0.074,0.77,10.927,0.762,9.441,3.33,26.9166190853,26.707704004
2009-03-27,ACN,5.657563,0.411436,0.195039,2.978,3.425,0.073,0.66,9.448,0.671,7.109,3.845,23.1143646042,26.4402926998
2009-06-26,ACN,5.537348,0.443969,1.024459,4.002459,3.01,0.08,0.71,11.702,0.855,7.023,4.729,28.1784661769,33.3155422239
2009-10-19,ACN,5.505449,0.254692,0.539203,4.541662,3.246,0.046,0.4,15.278,1.048,8.415,4.613,32.9493437792,35.4786679204
2009-12-18,ACN,5.747687,0.444817,-0.541599,4.000063,2.677,0.077,0.7,16.826,1.166,7.895,5.247,35.2316968763,35.3594405198
2010-03-26,ACN,5.537823,0.39976,0.114688,4.114751,2.456,0.072,0.63,17.502,1.21,7.85,5.387,36.108869895,32.2571151029
2010-06-25,ACN,5.975495,0.490597,0.19736,4.312111,2.443,0.082,0.76,16.254,1.135,7.466,5.397,34.8342481337,39.5012509546
2010-10-26,ACN,5.833073,0.445482,0.526181,4.838292,2.919,0.076,0.69,16.038,1.237,8.721,5.14,39.0848090381,43.6569942464
2010-12-20,ACN,6.478193,0.534714,-0.67784,4.160452,2.887,0.083,0.84,16.675,1.309,9.42,5.196,42.2428269049,45.0798374611
2011-03-25,ACN,6.496293,0.503017,0.517092,4.677544,2.432,0.077,0.78,17.859,1.422,8.708,6.263,47.1013159308,48.7004151489
2011-06-24,ACN,7.204355,0.628013,0.57914,5.256684,2.569,0.087,0.96,17.405,1.413,8.798,6.412,49.8634884502,50.5115919744
2011-10-21,ACN,7.174073,0.611933,0.444394,5.701078,2.616,0.085,0.95,16.343,1.361,8.556,6.72,51.3875155346,47.3352631044
2011-12-20,ACN,7.589108,0.642086,-0.609172,5.091906,2.624,0.085,1.0,14.719,1.233,8.32,6.549,47.9899938464,56.2006712596
2012-03-23,ACN,7.259828,0.643923,0.47684,5.568746,2.166,0.089,1.0,16.553,1.431,8.374,7.724,57.4039601909,50.636200507
2012-06-29,ACN,7.64079,0.689219,0.059913,5.628659,2.386,0.09,1.07,14.744,1.286,8.314,7.105,53.7299892012,60.7058416252
2012-10-30,ACN,7.288259,0.578282,1.011867,6.640526,2.604,0.079,0.91,19.724,1.691,10.891,7.271,60.9772132909,63.6818842261
2012-12-20,ACN,7.668036,0.698817,-0.961634,5.678892,2.286,0.091,1.09,21.012,1.837,10.982,7.807,62.4335745637,67.7343677678
2013-03-28,ACN,7.49332,1.101802,-0.042806,5.636086,1.754,0.147,1.7,19.763,2.015,10.208,9.145,68.7203514866,73.3280281208
2013-06-28,ACN,7.707935,0.810258,0.301999,5.938085,1.844,0.105,1.25,18.043,1.908,9.904,8.93,65.7776726947,68.8338851287
2013-10-29,ACN,7.524994,0.671,-0.3062,5.631885,2.108,0.089,1.04,18.345,1.981,11.092,8.451,69.3803328174,70.0379224089
2013-12-19,ACN,7.799696,0.751846,-1.104687,4.527198,2.049,0.096,1.18,19.257,2.104,11.857,8.507,73.6407724244,76.8453639549
2014-03-27,ACN,7.567483,0.6713,-0.846924,3.680274,1.827,0.089,1.06,21.99,2.087,11.037,9.1,72.9831828329,77.8403374813
2014-06-26,ACN,8.24018,0.817336,0.368585,4.048859,1.767,0.099,1.29,22.748,2.127,10.777,9.706,76.4064858518,74.1572957053
2014-10-24,ACN,8.267319,0.701016,0.872446,4.921305,1.853,0.085,1.11,21.753,2.007,10.18,9.958,74.413731026,81.0145661329
2014-12-18,ACN,8.343257,0.83153,-0.448958,4.472347,1.93,0.1,1.32,24.338,2.268,12.222,9.574,85.2315025178,83.7783690338
2015-03-26,ACN,7.93159,0.690726,-0.410947,4.0614,1.594,0.087,1.1,25.466,2.362,11.822,10.425,89.4389412982,93.8538236562
2015-06-25,ACN,8.275066,0.793697,-0.035211,4.026189,1.677,0.096,1.27,27.165,2.497,12.674,10.33,95.4953296238,104.73890844
2015-10-30,ACN,8.364511,0.737628,0.334577,4.360766,1.748,0.088,1.18,29.121,2.702,13.377,10.642,104.011218016,105.835295346
2015-12-17,ACN,8.465984,0.818899,-1.287573,3.073193,1.809,0.097,1.31,28.284,2.603,13.428,10.225,100.188417652,104.457534809
2016-03-24,ACN,8.397053,1.32652,-0.038534,3.034659,1.461,0.158,2.12,25.981,2.851,12.955,11.769,110.900020701,116.594386484
2016-06-23,ACN,8.969044,0.897247,0.463219,3.497878,1.49,0.1,1.44,26.333,2.911,12.917,12.356,116.476841946,114.268878847
2016-10-28,ACN,8.96558,1.069226,1.407731,4.905609,1.517,0.119,1.72,19.052,2.251,9.566,13.156,114.476712422,122.819745929
2016-12-21,ACN,9.005603,1.004476,-0.828551,4.077058,1.545,0.112,1.62,18.667,2.27,9.985,12.926,116.683707051,125.175193111
2017-03-23,ACN,8.762182,0.838752,-0.838196,3.238862,1.331,0.096,1.35,21.654,2.311,9.576,13.851,119.514202404,13.225462858
2002-10-31,ACN,3.35066,0.114461,-0.017935,1.21772,9.982,0.034,0.28,-44.834,0.545,14.77,1.194,13.4404463,127.11
2017-06-22,ACN,9.356787,0.669468,0.143346,3.382208,1.381,0.072,1.08,23.344,2.317,9.42,14.33,122.08,130.2
