datekey,ticker,revenue,netinc,ncf,cashneq,de,netmargin,eps,pe,ps,pb,bvps,P0,P1
2001-08-23,ADSK,0.23136,0.019173,-0.00396,0.119028,0.808,0.083,0.09,21.86,2.131,4.47,2.126,9.28895095666,9.20439240281
2001-11-30,ADSK,0.216357,0.021471,-0.008434,0.110594,0.736,0.099,0.1,21.036,2.127,4.147,2.26,9.11859913142,8.52096049443
2002-04-30,ADSK,0.254034,0.021769,0.026187,0.136781,0.705,0.086,0.1,23.356,2.226,3.985,2.391,9.04215023038,6.45095220351
2002-05-28,ADSK,0.229327,0.017641,-0.014614,0.122167,0.544,0.077,0.08,18.884,1.624,2.511,2.657,6.48045350932,6.6493903092
2002-09-16,ADSK,0.211401,0.01176,0.014593,0.13676,0.558,0.056,0.05,20.901,1.666,2.576,2.599,6.63953205818,7.24806803135
2002-12-11,ADSK,0.188701,-0.00391,-0.002118,0.134642,0.538,-0.021,-0.01,34.841,1.864,2.812,2.595,7.17395690628,7.67338189469
2003-04-28,ADSK,0.195516,0.006413,0.030829,0.186377,0.552,0.033,0.03,56.031,2.167,3.141,2.526,7.81226663487,8.37276576486
2003-06-13,ADSK,0.210766,0.007508,-0.006934,0.179443,0.56,0.036,0.04,83.808,2.263,3.262,2.502,8.09499628451,8.84543136686
2003-09-15,ADSK,0.211705,0.032602,0.039981,0.219424,0.577,0.154,0.14,46.198,2.44,3.389,2.605,8.76592187143,12.1761532692
2003-12-12,ADSK,0.233862,0.022606,0.015286,0.23471,0.567,0.097,0.1,40.222,3.264,4.662,2.682,12.2707349994,16.612655513
2004-04-08,ADSK,0.29531,0.057599,0.047539,0.282249,0.636,0.195,0.26,32.823,4.15,6.353,2.788,16.7673078616,19.4562632134
2004-06-09,ADSK,0.297876,0.042505,0.021898,0.304147,0.554,0.143,0.19,28.179,4.213,6.868,2.843,19.2367566541,22.4752510192
2004-09-09,ADSK,0.279578,0.039165,0.041824,0.345971,0.587,0.14,0.17,32.786,4.796,8.028,2.899,22.9195640669,32.5952619229
2004-12-09,ADSK,0.300158,0.07407,0.031177,0.377148,0.607,0.247,0.33,35.096,6.384,11.121,2.955,32.5952619229,29.56
2005-03-31,ADSK,0.356155,0.065768,0.140506,0.517654,0.762,0.185,0.29,30.632,5.5,10.47,2.866,29.76,37.98
2005-06-07,ADSK,0.355119,0.076078,0.000424,0.518078,0.657,0.214,0.33,34.575,6.831,12.408,3.121,38.58,42.61
2005-09-02,ADSK,0.372984,0.075298,-0.039415,0.478663,0.659,0.202,0.33,33.403,7.026,13.657,3.115,42.59,43.62
2005-12-07,ADSK,0.378262,0.094537,-0.087785,0.390878,0.661,0.25,0.41,32.982,7.029,13.228,3.385,44.54,38.27
2006-03-30,ADSK,0.416835,0.082987,-0.103724,0.2872,0.72,0.199,0.36,26.634,5.751,11.07,3.441,38.07,35.13
2006-06-06,ADSK,0.436,0.0485,-0.0299,0.2573,0.701,0.111,0.21,27.128,5.096,9.659,3.675,35.28,44.9
2007-06-04,ADSK,0.4974,0.0964,0.151,0.6659,0.612,0.194,0.42,35.993,5.668,9.352,4.827,45.1,43.67
2007-06-08,ADSK,0.5086,0.0833,0.0964,0.7623,0.599,0.164,0.36,31.477,5.341,8.21,5.381,44.18,45.4
2007-08-31,ADSK,0.5259,0.0916,0.0126,0.7749,0.688,0.174,0.4,32.352,5.357,9.575,4.832,46.32,47.53
2007-12-04,ADSK,0.5384,0.0848,0.0534,0.8283,0.689,0.158,0.37,30.858,5.308,9.322,5.139,47.59,31.43
2008-03-28,ADSK,0.5991,0.0965,0.0896,0.9179,0.795,0.161,0.42,20.541,3.369,5.946,5.343,31.77,41.16
2008-06-02,ADSK,0.5988,0.0946,-0.0088,0.9091,0.885,0.158,0.42,24.631,4.001,7.973,5.019,40.42,34.37
2008-09-05,ADSK,0.6195,0.0898,0.0205,0.9296,0.939,0.145,0.4,20.773,3.225,6.03,5.62,33.77,15.84
2008-12-04,ADSK,0.6071,0.1045,-0.1332,0.7964,0.695,0.172,0.46,8.884,1.412,2.445,6.214,15.13,13.87
2009-03-20,ADSK,0.4898,-0.1054,0.1212,0.9176,0.847,-0.215,-0.47,16.511,1.309,2.313,5.789,13.39,22.22
2009-06-03,ADSK,0.4258,-0.0321,-0.0371,0.8805,0.708,-0.075,-0.14,88.79,2.354,3.796,5.85,22.08,24.26
2009-08-28,ADSK,0.4149,0.0105,-0.212,0.6685,0.669,0.025,0.05,-244.231,2.836,3.967,6.051,23.92,24.72
2009-12-08,ADSK,0.4169,0.0295,0.03,0.6985,0.617,0.071,0.13,-57.724,3.221,3.931,6.236,24.5,29.42
2010-03-19,ADSK,0.4561,0.0501,0.1402,0.8387,0.661,0.11,0.22,115.085,3.895,4.53,6.426,29.11,29.98
2010-06-04,ADSK,0.4746,0.0369,0.0994,0.9381,0.652,0.078,0.16,50.446,3.635,4.231,6.612,27.9225,27.73
2010-09-01,ADSK,0.4728,0.0599,-0.0881,0.85,0.655,0.127,0.26,37.146,3.6,4.295,6.692,28.83,37.58
2010-12-07,ADSK,0.4767,0.0536,0.0543,0.9043,0.659,0.112,0.24,42.269,4.508,5.446,6.87,37.27,38.56
2011-03-18,ADSK,0.5277,0.0616,0.1708,1.0751,0.732,0.117,0.27,42.355,4.601,5.58,7.099,39.4,41.36
2011-06-03,ADSK,0.5283,0.0693,0.0163,1.0914,0.657,0.131,0.3,38.434,4.684,5.364,7.674,40.84,28.2
2011-09-01,ADSK,0.5463,0.0712,0.0401,1.1315,0.662,0.13,0.31,24.28,2.986,3.47,7.799,27.23,34.09
2011-12-06,ADSK,0.5486,0.0728,-0.0282,1.1033,0.644,0.133,0.32,28.694,3.667,4.316,8.047,34.78,39.35
2012-03-15,ADSK,0.5924,0.072,0.0536,1.1569,0.714,0.122,0.32,31.932,4.112,4.838,8.324,40.08,32.02
2012-06-01,ADSK,0.5886,0.0789,-0.0824,1.0745,0.622,0.134,0.35,24.032,3.114,3.465,8.967,30.84,31.41
2012-09-05,ADSK,0.5687,0.0646,-0.1443,0.9302,0.646,0.114,0.28,24.634,3.09,3.462,9.005,31.3,32.99
2012-12-04,ADSK,0.548,0.0294,-0.1032,0.827,0.699,0.054,0.13,30.351,3.235,3.684,8.949,33.08,40.14
2013-03-18,ADSK,0.6069,0.0745,0.7852,1.6122,1.109,0.123,0.33,36.211,3.875,4.385,9.109,40.03,36.7
2013-06-05,ADSK,0.5704,0.0556,0.0436,1.6558,1.058,0.097,0.25,36.233,3.54,3.895,9.314,36.12,36.75
2013-09-03,ADSK,0.5617,0.0617,-0.2548,1.401,1.059,0.11,0.28,37.432,3.62,4.037,9.194,37.13,37.04
2013-09-06,ADSK,0.5617,0.0617,-0.2548,1.401,1.059,0.11,0.28,37.442,3.621,4.038,9.194,37.14,45.94
2013-12-06,ADSK,0.5552,0.0576,0.0724,1.4734,0.999,0.104,0.26,41.99,4.565,4.844,9.69,46.419,53.61
2014-03-10,ADSK,0.5866,0.0539,0.3796,1.853,1.032,0.092,0.24,52.219,5.254,5.283,10.016,52.59,52.52
2014-06-03,ADSK,0.5925,0.0283,-0.2434,1.6096,1.031,0.048,0.12,60.105,5.275,5.292,10.082,53.15,53.64
2014-09-02,ADSK,0.6371,0.0313,-0.2865,1.3231,1.06,0.049,0.14,71.0,5.123,5.32,10.046,53.46,61.09
2014-12-05,ADSK,0.618,0.0107,0.0219,1.345,1.088,0.017,0.05,111.562,5.692,6.108,9.998,60.9,61.43
2015-03-18,ADSK,0.6646,0.0115,0.0656,1.4106,1.214,0.017,0.05,171.181,5.574,6.31,9.772,61.63,55.49
2015-05-28,ADSK,0.6465,0.0191,-0.2279,1.1827,1.147,0.03,0.08,171.053,4.839,5.583,9.79,54.55,47.52
2015-08-31,ADSK,0.6095,-0.2355,0.2904,1.4731,1.808,-0.386,-1.04,-54.453,4.166,5.56,8.379,46.75,63.96
2015-12-09,ADSK,0.5998,-0.0438,-0.1356,1.3375,2.012,-0.073,-0.19,-57.305,5.655,8.223,7.692,63.25,57.98
2016-03-23,ADSK,0.6483,-0.0372,0.0155,1.353,2.405,-0.057,-0.17,-38.914,5.136,7.941,7.214,57.29,58.29
2016-06-06,ADSK,0.5119,-0.173,-0.1296,1.2234,2.625,-0.338,-0.77,-26.927,5.563,9.179,6.399,58.67,68.32
2016-08-30,ADSK,0.5507,-0.0982,0.2439,1.4673,2.79,-0.178,-0.44,-42.86,6.533,11.335,5.966,68.03,72.61
2016-12-01,ADSK,0.4896,-0.1428,-0.0308,1.4365,3.553,-0.292,-0.64,-34.143,7.001,14.525,4.771,69.22,86.32
2017-03-21,ADSK,0.4788,-0.1734,-0.2234,1.2131,5.54,-0.362,-0.78,-31.733,9.095,25.18,3.321,83.64,113.16
2017-05-31,ADSK,0.4857,-0.1296,0.1271,1.3402,7.722,-0.267,-0.59,-45.94,12.466,49.186,2.311,111.77,108.39
