datekey,ticker,revenue,netinc,ncf,cashneq,de,netmargin,eps,pe,ps,pb,bvps,P0,P1
2004-03-30,AIZ,,,,0.958197,8.015,,,18.943,0.498,1.336,24.099,19.7407842361,19.4852401036
2004-05-13,AIZ,1.85756,0.094378,-0.384336,0.573861,5.678,0.051,0.73,,,1.001,27.404,19.9563995979,20.6929672282
2004-08-10,AIZ,1.837349,0.09521,0.035009,0.60887,5.961,0.052,0.67,,,1.101,23.588,20.781056485,23.2463917047
2004-11-12,AIZ,1.83186,0.074844,0.083503,0.692373,5.649,0.041,0.53,,,1.142,25.09,23.2865409131,24.45282072
2005-01-10,AIZ,1.841092,0.074844,0.083503,0.692373,5.644,0.041,0.52,,,1.189,25.082,24.3079389646,27.5196834003
2005-03-31,AIZ,1.867463,0.086128,0.114709,0.807082,5.74,0.046,0.61,13.451,0.637,1.297,25.971,27.1809299704,26.817979867
2005-05-16,AIZ,1.862354,0.114398,-0.332048,0.475034,5.69,0.061,0.82,12.485,0.625,1.273,26.017,27.0196188133,30.3655368271
2005-08-22,AIZ,1.874303,0.127624,0.025736,0.50077,5.363,0.068,0.93,12.455,0.675,1.306,27.912,30.0090577394,34.5055553219
2005-11-14,AIZ,1.879441,0.100287,0.140498,0.641268,5.932,0.053,0.74,13.073,0.748,1.528,27.213,34.6675912708,36.7027652288
2006-03-10,AIZ,1.881577,0.137046,0.214301,0.855569,5.856,0.073,1.04,12.363,0.79,1.602,28.24,37.0767854327,39.8331517182
2006-05-10,AIZ,1.929782,0.162472,-0.204864,0.650705,5.755,0.084,1.25,12.133,0.846,1.751,28.105,40.3372659061,40.8188467163
2006-08-09,AIZ,1.94909,0.151136,0.012796,0.663501,5.871,0.078,1.18,11.459,0.826,1.768,27.787,40.7373719724,45.2597029663
2006-11-14,AIZ,1.984079,0.151303,-0.016364,0.647137,5.656,0.076,1.2,11.346,0.882,1.817,29.886,45.1862294225,43.7948478642
2007-03-01,AIZ,2.207633,0.252507,0.340535,0.987672,5.566,0.114,2.03,9.115,0.81,1.706,31.12,43.7948478642,49.6041176745
2007-05-09,AIZ,2.057263,0.179457,-0.227837,0.759835,5.493,0.087,1.47,10.027,0.898,1.878,32.102,49.8581195985,41.2488659542
2007-08-09,AIZ,2.064727,0.16628,0.250236,1.010071,5.757,0.081,1.38,7.549,0.681,1.483,31.614,38.9992263699,52.9383391516
2007-11-09,AIZ,2.148192,0.187191,-0.194924,0.815147,5.772,0.087,1.58,9.525,0.882,1.907,33.121,52.2141709804,51.6669959709
2008-03-03,AIZ,2.183333,0.120818,-0.010183,0.804964,5.542,0.055,1.03,11.315,0.875,1.809,34.729,51.733076861,53.500740672
2008-05-12,AIZ,2.177325,0.18683,0.21563,1.020594,5.286,0.086,1.58,11.769,0.907,1.849,35.69,54.3597922437,50.2852810392
2008-08-04,AIZ,2.24876,0.189954,-0.063991,0.956603,5.171,0.084,1.61,10.362,0.81,1.671,35.977,49.5237590876,21.1591538663
2008-11-04,AIZ,1.954535,-0.111429,0.097076,1.053679,5.794,-0.057,-0.95,8.15,0.368,0.843,31.693,22.2046649986,18.3442268759
2009-02-27,AIZ,2.220608,0.182441,-0.012995,1.040684,5.609,0.082,1.55,5.366,0.279,0.648,31.607,17.2214555117,20.7501655136
2009-05-06,AIZ,2.087877,0.080581,-0.376345,0.664339,5.49,0.039,0.68,8.781,0.352,0.817,31.133,21.5014937197,22.2770539873
2009-08-06,AIZ,2.273609,0.193322,0.144843,0.809182,4.687,0.085,1.63,8.872,0.358,0.701,36.837,22.0560683315,25.6279974931
2009-11-04,AIZ,2.156873,0.14473,0.426669,1.235851,4.234,0.067,1.22,5.87,0.404,0.72,41.49,25.8073934756,26.6968853044
2010-02-25,AIZ,2.182142,0.011941,0.082701,1.318552,4.325,0.005,0.11,8.268,0.409,0.733,41.275,26.3604786722,30.7078874584
2010-05-05,AIZ,2.167856,0.157223,-0.386011,0.932541,4.276,0.073,1.35,8.036,0.464,0.82,42.576,31.4410814005,32.2224452578
2010-08-05,AIZ,2.140294,0.164675,0.071182,1.003723,4.183,0.077,1.47,8.373,0.463,0.795,45.026,32.5951093638,34.847391673
2010-11-03,AIZ,2.113971,0.14167,0.164584,1.168307,4.002,0.067,1.31,8.863,0.49,0.785,49.78,34.4295363644,35.7395822616
2011-02-23,AIZ,2.105601,-0.184391,-0.017791,1.150516,4.522,-0.088,-1.61,14.462,0.473,0.845,45.049,35.3285814379,34.8563677256
2011-02-25,AIZ,2.105601,-0.184391,-0.017791,1.150516,4.522,-0.088,-1.61,14.548,0.476,0.85,45.049,35.6816822259,35.05830638
2011-05-04,AIZ,2.036671,0.141741,-0.210082,0.940434,4.624,0.07,1.4,14.42,0.453,0.801,46.913,34.5929694809,30.619003136
2011-08-03,AIZ,2.062887,0.16586,0.194665,1.135099,4.492,0.08,1.7,12.408,0.395,0.674,49.901,30.6895741602,32.8167533088
2011-11-02,AIZ,2.061715,0.075983,-0.075576,1.059523,4.339,0.037,0.8,17.562,0.423,0.698,52.589,33.6859538019,38.8283040262
2012-02-23,AIZ,2.111531,0.162255,0.10719,1.166713,4.394,0.077,1.74,6.908,0.456,0.75,54.457,38.5698052161,36.3141563615
2012-05-02,AIZ,2.072924,0.16326,-0.101898,1.064815,4.49,0.079,1.84,5.94,0.406,0.679,55.928,35.1773809467,32.6125423546
2012-08-01,AIZ,2.12929,0.16917,0.042177,1.106992,4.412,0.079,1.96,5.172,0.352,0.586,58.34,32.7836658853,34.3008454982
2012-10-29,AIZ,2.14508,0.126288,-0.034486,1.072506,4.387,0.059,1.54,4.797,0.352,0.57,63.654,34.2645962559,38.488414398
2013-02-20,AIZ,2.160976,0.024987,-0.163102,0.909404,4.582,0.012,0.39,6.727,0.382,0.628,64.869,37.6495292701,43.5704517947
2013-05-01,AIZ,2.150623,0.11778,0.695221,1.604625,4.662,0.055,1.47,8.317,0.425,0.7,65.095,43.3871516189,48.9921816708
2013-07-31,AIZ,2.237766,0.133523,-0.33423,1.270395,4.99,0.06,1.72,10.086,0.467,0.847,61.876,49.8856281123,54.0977208275
2013-10-30,AIZ,2.25865,0.128788,0.016302,1.286697,5.136,0.057,1.7,10.444,0.48,0.885,63.313,53.8294064947,60.1827456217
2014-02-19,AIZ,2.400618,0.108816,0.430487,1.717184,5.148,0.045,1.49,9.349,0.505,0.946,65.667,59.4927048445,61.8038341725
2014-04-29,AIZ,2.448372,0.137245,-0.611272,1.105912,4.822,0.056,1.88,9.4,0.511,0.938,69.957,62.4404080477,62.4023927392
2014-07-29,AIZ,2.608101,0.14361,0.292958,1.39887,4.723,0.055,1.98,8.976,0.479,0.87,73.627,61.2838681517,64.7726291338
2014-11-04,AIZ,2.702488,0.140297,0.012396,1.411266,4.741,0.052,1.94,9.103,0.475,0.903,74.015,64.8103809211,57.3940020827
2015-02-19,AIZ,2.622692,0.049755,-0.09261,1.318656,5.092,0.019,0.72,8.896,0.404,0.809,72.933,57.8962114454,59.8663767864
2015-05-06,AIZ,2.59861,0.050044,-0.253491,1.065165,5.006,0.019,0.72,11.424,0.416,0.855,73.501,61.4272807281,72.9765927932
2015-08-04,AIZ,2.644894,0.032789,0.232271,1.297436,5.388,0.012,0.48,18.624,0.481,1.053,70.421,72.7184547079,79.6033591199
2015-11-03,AIZ,2.534156,-0.007022,0.2465,1.543936,5.53,-0.003,-0.1,43.788,0.529,1.174,69.25,80.1600930918,64.7591163781
2016-02-16,AIZ,2.547834,0.065744,-0.255631,1.288305,5.641,0.026,0.98,30.774,0.422,0.963,67.808,64.9329145136,83.8528439334
2016-05-03,AIZ,2.147527,0.220318,0.77251,2.060815,5.635,0.103,3.38,17.127,0.541,1.17,70.132,83.8333997957,81.4035224855
2016-08-02,AIZ,1.797793,0.169349,-0.828141,1.232674,5.468,0.094,2.72,11.183,0.555,1.088,74.031,81.442635289,79.1832639278
2016-11-01,AIZ,1.834168,0.144367,-0.116051,1.116623,5.722,0.079,2.4,7.544,0.543,1.004,74.755,78.0425214271,93.3245304958
2017-02-14,AIZ,1.752292,0.031316,-0.084652,1.031971,6.249,0.018,0.69,9.374,0.704,1.293,71.301,94.2447151158,103.961472569
2017-05-04,AIZ,1.5515,0.1438,-0.1575,0.8745,6.11,0.093,2.56,11.709,0.825,1.376,73.998,103.921682511,103.84
2017-08-03,AIZ,1.6005,0.1202,-0.0263,0.8482,6.115,0.075,2.18,12.939,0.844,1.347,76.491,103.84,104.94
