datekey,ticker,revenue,netinc,ncf,cashneq,de,netmargin,eps,pe,ps,pb,bvps,P0,P1
2001-08-13,ALB,0.211286,0.014805,-0.006678,0.007887,0.728,0.07,0.16,12.43,1.07,1.65,6.303,8.00683327274,8.08318996241
2001-11-13,ALB,0.242017,0.016761,0.026335,0.034222,0.963,0.069,0.18,13.761,1.072,1.617,6.534,8.19174119452,8.19174119452
2001-11-14,ALB,0.242017,0.016761,0.026335,0.034222,0.963,0.069,0.18,13.956,1.087,1.64,6.534,8.30804608606,9.36405659747
2002-02-27,ALB,0.239186,0.014056,-0.003637,0.030585,0.904,0.059,0.16,16.046,1.193,1.844,6.482,9.37185348057,12.0013045406
2002-05-08,ALB,0.224628,0.016798,-0.001087,0.029498,1.209,0.075,0.2,20.999,1.429,2.561,6.151,12.3421839056,11.9440675128
2002-08-14,ALB,0.245051,0.020694,0.003906,0.033404,1.146,0.084,0.25,18.974,1.363,2.394,6.495,12.2351943231,11.0875973821
2002-11-12,ALB,0.263324,0.020352,0.002689,0.036093,1.081,0.077,0.24,16.486,1.219,2.135,6.66,11.2417564901,9.60217267723
2003-02-26,ALB,0.247212,0.016901,0.001543,0.037636,1.094,0.068,0.2,13.27,1.012,1.741,6.766,9.44729892437,10.5696185275
2003-05-12,ALB,0.278431,0.016901,0.001543,0.037636,1.094,0.061,0.2,15.032,1.111,1.972,6.766,10.7694222803,10.469716651
2003-05-15,ALB,0.26557,0.020994,0.002651,0.040287,1.151,0.079,0.26,13.58,1.05,1.881,6.917,10.3977873,10.8215170006
2003-08-04,ALB,0.269476,0.022583,0.009706,0.049993,1.102,0.084,0.28,13.754,1.063,1.87,7.207,10.8295507919,10.9396964306
2003-10-31,ALB,0.276551,0.009856,-0.029204,0.020789,1.199,0.036,0.12,15.687,1.042,1.83,7.329,10.8266663568,11.4598286943
2004-03-01,ALB,0.29864,0.018512,0.004236,0.035173,1.181,0.062,0.22,16.575,1.074,1.874,7.711,11.6788838269,11.6618896688
2004-05-07,ALB,0.322009,0.013607,0.015348,0.050521,1.163,0.042,0.17,17.915,0.991,1.806,7.711,11.3560708837,12.4419803808
2004-08-09,ALB,0.326759,0.020768,-0.011868,0.038653,1.109,0.064,0.25,20.525,1.052,1.966,7.878,12.6960656191,15.1496207994
2004-11-09,ALB,0.413904,0.000827,0.022164,0.060817,2.661,0.002,0.01,29.162,1.151,2.36,7.964,15.4747552854,15.4098791898
2005-03-14,ALB,0.451065,0.019637,-0.014427,0.04639,2.434,0.044,0.24,31.986,1.159,2.466,8.557,15.6255760183,15.6048359386
2005-05-10,ALB,0.509965,0.024319,0.02739,0.07378,1.872,0.048,0.27,26.074,1.004,1.961,9.357,15.2232184728,15.5284694273
2005-08-08,ALB,0.502754,0.032058,0.024508,0.098288,1.831,0.064,0.34,22.659,0.927,1.952,9.575,15.565957685,15.2005249884
2005-11-09,ALB,0.506605,0.026292,-0.050429,0.047859,1.823,0.052,0.28,16.592,0.861,1.87,9.734,15.2339971051,20.7231951153
2006-05-09,ALB,0.607354,0.034376,0.00853,0.0671,1.657,0.057,0.36,,,2.392,10.322,20.7231951153,22.3113625738
2006-08-07,ALB,0.568797,0.043327,0.031895,0.098995,1.564,0.076,0.46,,,2.427,10.881,22.3282971944,27.7137833634
2006-11-07,ALB,0.607818,0.002289,-0.00942,0.089575,1.537,0.004,0.03,,,2.997,10.867,27.6118319838,34.902315411
2007-03-01,ALB,0.584537,0.062977,0.059924,0.149499,1.461,0.108,0.67,27.277,1.647,3.793,10.833,34.8980569538,36.14429249
2007-05-07,ALB,0.589238,0.058108,-0.024483,0.125016,1.407,0.099,0.61,24.139,1.712,3.711,11.38,35.8625155818,32.5926542124
2007-08-06,ALB,0.563812,0.053863,0.07539,0.200406,1.396,0.096,0.57,20.67,1.562,3.294,11.672,32.8323690319,34.0737493473
2007-08-31,ALB,0.563812,0.053863,0.07539,0.200406,1.396,0.096,0.57,21.812,1.648,3.476,11.672,34.6473526655,39.5660797797
2007-11-06,ALB,0.583981,0.059099,-0.099125,0.101281,1.242,0.101,0.62,19.08,1.924,3.674,12.763,40.0038905995,33.8197602412
2008-02-29,ALB,0.599156,0.05862,0.02927,0.130551,1.214,0.098,0.61,15.099,1.484,2.713,13.426,32.6494072151,32.5909777067
2008-05-05,ALB,0.668177,0.063261,0.004579,0.13513,1.382,0.095,0.69,14.928,1.452,2.806,13.528,33.0917132583,34.5269170013
2008-08-07,ALB,0.62075,0.061655,0.033352,0.168482,1.345,0.099,0.68,14.777,1.45,2.74,14.352,33.9555086457,20.779345565
2008-11-07,ALB,0.660463,0.056175,0.038729,0.207211,1.41,0.085,0.62,9.414,0.885,1.8,13.766,21.4916809899,16.3800128422
2009-02-27,ALB,0.517725,0.013111,0.046092,0.253303,1.695,0.025,0.15,9.105,0.717,1.659,11.744,16.9131936231,23.3800028036
2009-05-08,ALB,0.486591,0.025399,-0.069404,0.183899,1.598,0.052,0.28,16.261,1.112,2.509,11.09,24.471539079,28.2030814204
2009-08-07,ALB,0.445299,0.038493,-0.011423,0.172476,1.356,0.086,0.42,22.032,1.391,2.64,12.152,28.3356977908,29.2658156725
2009-11-06,ALB,0.515276,0.052131,0.087958,0.260434,1.283,0.101,0.57,23.663,1.555,2.553,13.07,29.5763989194,32.8666332787
2010-02-26,ALB,0.558228,0.062345,0.048357,0.308791,1.259,0.112,0.68,19.193,1.707,2.839,13.162,33.3830962237,36.4444189309
2010-05-07,ALB,0.58027,0.063308,-0.041474,0.267317,1.263,0.109,0.69,16.578,1.708,2.988,13.132,35.0506142354,40.5814203929
2010-08-06,ALB,0.592483,0.081751,0.056806,0.324123,1.237,0.138,0.9,15.974,1.846,3.462,13.115,40.7069206989,44.4937948757
2010-10-29,ALB,0.585036,0.093689,0.10055,0.424673,1.084,0.16,1.03,15.246,1.982,3.32,15.143,45.0874052379,50.5130640724
2011-02-25,ALB,0.604975,0.084972,0.104977,0.52965,1.124,0.14,0.93,16.203,2.22,3.704,15.465,51.6131343717,61.5901156695
2011-04-28,ALB,0.69653,0.10658,-0.088637,0.441013,0.926,0.153,1.16,17.172,2.542,3.948,17.418,62.15989207,62.2903844818
2011-07-26,ALB,0.742108,0.114159,0.049702,0.490715,0.863,0.154,1.24,15.698,2.385,3.632,18.82,61.9639719867,44.2341999034
2011-10-25,ALB,0.722977,0.116098,-0.009457,0.481258,1.007,0.161,1.29,10.723,1.635,2.849,17.652,46.3726563892,60.0569224298
2012-02-22,ALB,0.70739,0.099443,-0.011842,0.469416,0.958,0.141,1.12,13.493,2.052,3.699,17.919,60.4404393436,59.7692804413
2012-04-19,ALB,0.711704,0.108043,0.049943,0.519359,0.903,0.152,1.21,12.985,1.971,3.299,19.359,58.3769539084,51.1154416796
2012-07-19,ALB,0.684894,0.037732,-0.057608,0.461751,0.885,0.055,0.42,14.25,1.821,3.019,19.076,52.8802618204,51.4038831024
2012-10-19,ALB,0.661226,0.099261,-0.059109,0.402642,0.808,0.15,1.11,14.337,1.786,2.731,20.244,51.0440928222,60.5464980189
2013-02-15,ALB,0.687596,0.0665,0.075054,0.477696,0.821,0.097,0.74,18.655,2.117,3.17,20.598,60.5557544778,53.6534873961
2013-04-19,ALB,0.641625,0.083987,-0.042792,0.434904,0.861,0.131,0.95,17.973,1.931,2.874,20.266,54.6475866431,58.5435747915
2013-07-19,ALB,0.634197,0.082739,-0.120245,0.314659,1.383,0.13,0.98,15.375,1.948,3.778,16.102,58.590208195,63.1461133488
2013-10-18,ALB,0.648638,0.090512,0.086768,0.401427,1.29,0.14,1.11,16.922,2.097,3.734,18.027,63.0056846311,59.9769075013
2014-02-25,ALB,0.691956,0.155933,0.075812,0.477239,1.132,0.225,1.89,12.368,1.953,3.14,20.036,60.390282177,63.2779993277
2014-04-24,ALB,0.656679,0.056583,0.046804,0.524043,1.141,0.086,0.71,13.783,2.02,3.313,20.126,63.0610030575,63.1800854927
2014-07-31,ALB,0.604721,0.022447,-0.008924,0.515119,1.217,0.037,0.29,14.746,1.844,3.193,19.107,58.0942354088,55.15620565
2014-10-29,ALB,0.642418,0.072794,0.138001,0.65312,1.24,0.113,0.93,14.542,1.724,3.072,18.618,54.3952992089,54.061282549
2015-03-02,ALB,0.598566,-0.018508,1.836648,2.489768,2.747,-0.031,-0.23,47.684,2.599,4.676,17.397,54.1664043641,60.6852999802
2015-05-11,ALB,0.884404,0.043115,-2.228347,0.261421,2.106,0.049,0.4,59.206,2.599,2.282,28.756,60.7717736502,49.9828790262
2015-08-07,ALB,0.931485,0.052147,-0.054183,0.207238,2.03,0.056,0.46,38.444,1.881,1.808,28.337,49.4711748368,48.054121428
2015-11-06,ALB,0.905093,0.065392,0.027252,0.23449,2.035,0.072,0.58,40.004,1.713,1.808,28.025,49.2693278166,55.3182100971
2016-02-29,ALB,0.930353,0.174252,-0.020756,0.213734,1.909,0.187,1.56,18.843,1.728,1.939,29.003,54.9856748879,66.1372359914
2016-05-10,ALB,0.865398,0.228186,0.038648,0.252382,1.622,0.264,2.03,14.655,2.098,2.152,31.537,66.7073845776,81.0402259478
2016-08-05,ALB,0.669327,-0.314821,-0.058721,0.193661,1.903,-0.47,-2.8,60.481,2.746,2.932,28.099,81.2474647136,85.4868254892
2016-11-08,ALB,0.65401,0.12822,0.039938,0.233599,1.802,0.196,1.14,43.122,2.984,2.821,29.343,81.9892768803,91.9166527592
2017-02-28,ALB,0.696655,0.60209,2.036157,2.269756,1.112,0.864,5.36,17.752,4.268,3.011,33.738,100.913469842,107.345096477
2017-05-04,ALB,0.722063,0.051213,-1.01522,1.254536,0.985,0.071,0.46,25.546,4.348,3.278,32.483,108.402094176,119.6
