datekey,ticker,revenue,netinc,ncf,cashneq,de,netmargin,eps,pe,ps,pb,bvps,P0,P1
2001-08-13,ALL,7.203,0.168,0.06,0.204,5.119,0.023,0.23,13.169,0.844,1.393,24.248,22.6419790352,21.2698047749
2001-11-13,ALL,7.173,0.226,0.015,0.219,5.237,0.032,0.32,15.982,0.802,1.332,24.108,21.5974440185,24.631543757
2002-03-26,ALL,7.358,0.264,0.044,0.263,5.337,0.036,0.37,22.6,0.907,1.522,24.138,24.8750855245,26.3566312764
2002-05-10,ALL,7.298,0.426,0.072,0.335,5.508,0.058,0.6,25.262,0.943,1.59,24.193,26.113089509,25.5619782963
2002-08-13,ALL,7.455,0.344,-0.036,0.299,5.681,0.046,0.48,20.576,0.885,1.506,24.294,24.9906089038,27.0338935705
2002-11-14,ALL,7.239,0.248,0.132,0.431,5.559,0.034,0.35,21.516,0.94,1.553,25.186,26.8423578873,22.9765745393
2003-03-28,ALL,7.587,0.447,0.031,0.462,5.722,0.059,0.63,20.496,0.786,1.333,24.819,23.0184262233,25.2853924423
2003-05-09,ALL,7.861,0.665,-0.072,0.39,5.681,0.085,0.95,15.004,0.848,1.422,25.569,25.334219407,25.8149357878
2003-08-11,ALL,7.899,0.588,0.117,0.507,5.573,0.074,0.84,13.023,0.829,1.315,27.413,25.3094488755,28.4411517672
2003-11-14,ALL,8.127,0.691,-0.26,0.247,5.728,0.085,0.98,12.029,0.914,1.486,27.527,28.8863176209,32.0680855125
2004-03-11,ALL,8.262,0.761,0.119,0.366,5.523,0.092,1.09,11.477,0.966,1.51,29.232,31.4960795279,33.0404956864
2004-05-05,ALL,8.311,0.949,-0.05,0.316,5.397,0.114,1.35,10.823,0.992,1.499,30.632,32.9189444147,33.8408392043
2004-08-03,ALL,8.304,1.034,-0.021,0.295,5.76,0.125,1.47,9.478,0.986,1.574,29.547,33.8048612762,34.8284510604
2004-11-03,ALL,8.442,0.056,0.075,0.37,6.024,0.007,0.1,11.791,0.991,1.569,30.397,34.8212132276,38.07624542
2005-02-24,ALL,8.879,1.142,0.044,0.414,5.861,0.129,1.65,11.396,1.068,1.661,31.812,38.8403902535,40.908050271
2005-05-03,ALL,8.705,1.123,-0.075,0.339,6.103,0.129,1.66,11.19,1.094,1.76,31.467,41.1276711565,45.158440461
2005-08-03,ALL,8.791,1.149,0.026,0.365,5.941,0.131,1.72,11.51,1.147,1.789,33.494,44.7609578555,39.0750663232
2005-11-01,ALL,8.942,-1.548,0.043,0.408,7.04,-0.173,-2.36,18.646,0.985,1.792,29.656,39.7042348471,40.7169913419
2006-02-23,ALL,8.945,1.041,-0.095,0.313,6.732,0.116,1.58,19.912,0.993,1.741,31.156,40.5606738249,42.5449482669
2006-05-03,ALL,9.081,1.415,0.03,0.343,6.632,0.156,2.2,17.52,1.008,1.754,31.942,42.4925068797,42.1295640524
2006-08-08,ALL,8.875,1.207,0.123,0.466,6.624,0.136,1.91,16.623,0.981,1.706,32.495,42.1069461762,46.5428323768
2006-11-01,ALL,8.738,1.158,-0.139,0.327,6.222,0.133,1.84,7.913,1.07,1.718,35.294,46.3001057412,47.1571472059
2007-02-22,ALL,9.102,1.213,0.116,0.443,6.212,0.133,1.94,7.684,1.072,1.756,35.021,47.2944314773,47.837360136
2007-05-01,ALL,9.331,1.495,0.028,0.471,6.118,0.16,2.42,7.479,1.053,1.687,36.464,47.9448253224,41.0497016311
2007-08-01,ALL,9.455,1.403,-0.086,0.385,6.446,0.148,2.33,5.943,0.855,1.452,35.689,41.3431896202,40.1904899321
2007-10-31,ALL,8.992,0.978,-0.078,0.307,6.367,0.109,1.7,5.877,0.811,1.382,37.229,40.7504193584,38.2448432702
2008-02-27,ALL,8.991,0.76,0.115,0.422,6.158,0.085,1.38,5.987,0.755,1.27,38.463,38.8010464394,39.2996772868
2008-05-08,ALL,8.087,0.348,-0.052,0.37,6.497,0.043,0.62,7.808,0.767,1.342,36.327,39.0863068289,37.49197572
2008-08-06,ALL,7.418,0.025,0.378,0.748,6.653,0.003,0.05,11.969,0.755,1.282,35.861,37.1733018932,22.3338576051
2008-11-06,ALL,7.32,-0.923,-0.393,0.355,7.476,-0.126,-1.71,66.357,0.438,0.823,31.361,20.9028184929,14.3633233581
2009-02-26,ALL,6.569,-1.129,0.06,0.415,9.664,-0.172,-2.07,-5.897,0.337,0.783,23.588,15.0990655904,21.364657461
2009-05-07,ALL,7.883,-0.274,0.422,0.837,9.647,-0.035,-0.51,-6.434,0.507,1.209,22.717,22.8552149583,23.5148935761
2009-08-05,ALL,8.49,0.389,-0.17,0.667,7.831,0.046,0.72,-7.817,0.5,1.005,27.914,23.5649785464,24.9956041746
2009-11-04,ALL,7.582,0.221,0.06,0.727,6.739,0.029,0.41,-20.038,0.521,0.908,32.423,24.8947476682,26.4706161399
2010-02-25,ALL,8.058,0.518,-0.115,0.612,6.945,0.064,0.96,19.666,0.525,1.006,30.917,26.4875410863,28.3328422815
2010-04-28,ALL,7.749,0.12,0.092,0.704,6.537,0.015,0.22,14.555,0.57,1.034,32.488,28.7586439388,24.4779429368
2010-08-04,ALL,7.656,0.145,0.007,0.711,6.25,0.019,0.27,15.333,0.496,0.853,33.362,24.5293851987,28.2104567194
2010-10-27,ALL,7.908,0.367,-0.211,0.5,5.875,0.046,0.68,15.2,0.557,0.907,35.633,28.0463922328,27.3856416275
2011-02-24,ALL,8.087,0.296,0.062,0.562,5.881,0.037,0.55,17.743,0.524,0.866,35.254,27.0204997391,27.774986426
2011-04-27,ALL,8.095,0.519,0.079,0.641,5.752,0.064,0.98,12.587,0.526,0.865,36.369,27.9500020935,24.4207030034
2011-08-01,ALL,8.081,-0.62,0.052,0.693,5.875,-0.077,-1.19,26.051,0.455,0.78,35.871,24.9669092033,24.1184103975
2011-10-31,ALL,8.242,0.165,0.333,1.026,6.013,0.02,0.32,36.975,0.41,0.735,35.352,23.3902404224,28.2582880108
2012-02-22,ALL,8.236,0.724,-0.25,0.776,5.722,0.088,1.39,19.9,0.48,0.84,35.801,28.1777035393,30.1071108167
2012-05-02,ALL,8.362,0.766,-0.199,0.577,5.564,0.092,1.54,15.624,0.491,0.843,38.464,29.6743041922,31.547143784
2012-07-31,ALL,8.278,0.423,-0.006,0.571,5.446,0.051,0.86,8.004,0.502,0.854,39.696,31.129661444,36.6536964126
2012-10-31,ALL,8.128,0.723,0.071,0.642,5.094,0.089,1.49,6.343,0.507,0.802,42.883,36.4985001887,42.9008775042
2013-02-20,ALL,8.547,0.394,0.164,0.806,5.168,0.046,0.82,9.609,0.665,1.077,42.6,42.5979829904,45.4619909573
2013-05-01,ALL,8.463,0.709,0.014,0.82,5.141,0.084,1.49,10.086,0.679,1.1,43.372,44.6682980579,47.2267139787
2013-07-31,ALL,8.787,0.434,-0.186,0.634,5.114,0.049,0.93,10.454,0.696,1.189,42.428,47.2916495508,49.7586184754
2013-10-30,ALL,8.465,0.316,0.435,1.069,4.885,0.037,0.67,13.042,0.703,1.159,45.066,49.3856153384,48.5161565947
2014-02-20,ALL,8.792,0.821,-0.394,0.675,4.75,0.092,1.77,10.564,0.693,1.113,47.417,50.0899573879,53.7855054775
2014-05-06,ALL,8.684,0.6,0.495,1.17,4.623,0.068,1.31,11.467,0.707,1.111,49.518,53.2676128302,53.9781254829
2014-07-30,ALL,8.86,0.645,-0.281,0.889,3.82,0.069,1.41,10.623,0.708,1.078,52.664,53.8267407313,60.0976043407
2014-10-29,ALL,8.936,0.781,-0.004,0.885,3.851,0.084,1.77,9.568,0.749,1.183,52.601,59.8599892674,67.4855021025
2015-02-19,ALL,8.759,0.824,-0.228,0.657,3.866,0.091,1.88,10.793,0.841,1.329,53.029,67.9245253095,66.9164245641
2015-05-05,ALL,8.952,0.677,0.259,0.916,3.872,0.072,1.56,10.2,0.806,1.291,53.341,67.0889389786,66.3758275159
2015-08-03,ALL,8.982,0.355,-0.111,0.805,4.029,0.036,0.8,11.028,0.78,1.304,52.329,66.7897739384,59.8740160836
2015-11-02,ALL,9.028,0.65,0.1,0.905,4.162,0.069,1.56,10.015,0.67,1.167,51.647,59.7966094694,62.5145357266
2016-02-19,ALL,8.691,0.489,-0.41,0.495,4.226,0.053,1.2,11.782,0.679,1.209,52.027,62.2228660421,63.9195313747
2016-05-04,ALL,8.871,0.246,0.036,0.531,4.209,0.024,0.57,15.048,0.687,1.202,53.795,63.792493627,66.8836918749
2016-08-03,ALL,9.164,0.271,-0.085,0.446,4.22,0.026,0.65,16.554,0.713,1.24,55.013,67.3943293697,66.3167417991
2016-11-02,ALL,9.221,0.52,-0.057,0.389,4.185,0.053,1.32,17.587,0.69,1.185,56.35,66.445014027,80.091331661
2017-02-17,ALL,9.278,0.84,0.047,0.436,4.279,0.087,2.18,16.679,0.804,1.428,55.905,79.7344890942,81.1546214637
2017-05-02,ALL,9.434,0.695,0.006,0.442,4.21,0.071,1.82,13.497,0.804,1.41,57.856,81.4832229985,91.0
2017-08-01,ALL,9.587,0.579,0.04,0.482,4.156,0.057,1.51,13.059,0.876,1.529,59.134,91.0,94.22
