datekey,ticker,revenue,netinc,ncf,cashneq,de,netmargin,eps,pe,ps,pb,bvps,P0,P1
2001-08-02,ANSS,0.020931,0.003569,0.002492,0.019786,0.365,0.171,0.06,20.348,3.478,4.156,1.167,4.78,5.175
2001-11-09,ANSS,0.02061,0.002654,-0.001791,0.017995,0.38,0.129,0.04,24.55,3.819,4.799,1.149,5.5525,6.5025
2002-03-22,ANSS,0.025073,0.005098,0.01055,0.028545,0.583,0.203,0.09,27.219,4.393,5.01,1.289,6.3375,6.2625
2002-05-07,ANSS,0.021265,0.003888,-0.010088,0.018457,0.436,0.183,0.07,23.793,4.118,4.569,1.357,6.1375,5.42
2002-08-12,ANSS,0.022734,0.00472,0.004346,0.022803,0.431,0.208,0.08,20.059,3.659,4.146,1.349,5.6275,4.98
2002-11-13,ANSS,0.021745,0.004082,0.002626,0.025429,0.386,0.188,0.07,15.854,3.105,3.361,1.439,4.8425,6.0275
2003-03-24,ANSS,0.025267,0.006269,0.020769,0.046198,0.39,0.248,0.11,18.647,3.884,3.868,1.57,6.02,7.335
2003-05-13,ANSS,0.0246,0.004279,-0.009349,0.036849,0.512,0.174,0.07,21.908,4.493,4.351,1.665,7.155,8.4625
2003-08-13,ANSS,0.027643,0.004472,0.011003,0.047852,0.435,0.162,0.07,26.908,5.178,4.737,1.826,8.5375,9.7675
2003-11-12,ANSS,0.028038,0.005361,0.019429,0.067281,0.386,0.191,0.09,29.312,5.66,5.097,1.94,9.8125,9.6025
2004-03-12,ANSS,0.033254,0.007201,0.010757,0.078038,0.411,0.217,0.12,27.959,5.249,4.689,2.085,9.725,9.4025
2004-05-07,ANSS,0.031332,0.00714,0.013257,0.091295,0.411,0.228,0.12,24.051,4.834,4.241,2.238,9.4625,11.3825
2004-08-06,ANSS,0.032002,0.007577,-0.002028,0.089267,0.38,0.237,0.12,24.411,5.343,4.535,2.384,10.75,15.65
2004-11-08,ANSS,0.032318,0.007599,0.025013,0.11428,0.342,0.235,0.12,32.413,7.422,6.031,2.553,15.31,17.69
2005-03-10,ANSS,0.038887,0.012251,-0.030733,0.083547,0.366,0.315,0.2,31.037,7.974,6.114,2.802,17.02,17.02
2005-05-06,ANSS,0.037624,0.009683,-0.013641,0.069906,0.356,0.257,0.15,29.405,7.748,5.805,2.984,17.245,19.35
2005-08-05,ANSS,0.037656,0.009775,0.083418,0.153324,0.333,0.26,0.15,30.431,8.166,6.085,3.104,18.81,20.47
2005-11-04,ANSS,0.039035,0.011174,0.011106,0.16443,0.306,0.286,0.17,31.261,8.75,6.413,3.281,20.98,23.73
2006-03-09,ANSS,0.043721,0.013271,0.011736,0.176166,0.358,0.304,0.2,35.698,9.917,6.966,3.517,24.365,28.28
2006-05-05,ANSS,0.046011,0.012913,0.020993,0.197159,0.335,0.281,0.2,46.189,13.081,8.928,3.796,28.44,25.195
2006-08-04,ANSS,0.062264,-0.019393,-0.094511,0.102648,0.726,-0.311,-0.27,106.611,10.026,3.805,6.931,24.975,25.265
2006-11-03,ANSS,0.070117,0.008372,-0.00103,0.101618,0.651,0.119,0.11,128.973,8.805,3.778,6.739,25.38,25.895
2007-02-28,ANSS,0.085248,0.012264,0.002697,0.104315,0.642,0.144,0.17,139.614,7.496,3.696,6.938,25.51,26.835
2007-05-08,ANSS,0.087859,0.016151,0.013059,0.117374,0.631,0.184,0.21,121.902,6.941,3.827,7.161,27.35,30.76
2007-08-07,ANSS,0.092211,0.018256,0.02041,0.137784,0.565,0.198,0.24,44.224,7.257,4.201,7.465,31.31,41.2
2007-11-06,ANSS,0.094034,0.018696,0.012867,0.150651,0.514,0.199,0.24,48.059,8.742,5.12,7.868,40.13,38.56
2008-02-28,ANSS,0.111236,0.029289,0.016573,0.167224,0.512,0.263,0.38,36.529,7.81,4.694,8.199,38.42,43.34
2008-05-07,ANSS,0.109545,0.025854,0.033679,0.200903,0.505,0.236,0.33,36.49,8.256,4.962,8.65,42.85,46.07
2008-08-08,ANSS,0.111246,0.028129,-0.005498,0.195405,0.405,0.253,0.36,42.255,10.113,6.077,9.031,48.46,26.52
2008-11-06,ANSS,0.122247,0.025775,0.014127,0.209532,0.584,0.211,0.3,23.74,5.699,2.227,13.566,28.86,20.69
2009-02-27,ANSS,0.135301,0.031913,0.018644,0.228176,0.576,0.236,0.36,16.155,3.771,1.525,13.23,20.17,26.71
2009-05-08,ANSS,0.11631,0.021095,0.001093,0.229269,0.572,0.181,0.24,21.846,4.815,2.012,13.064,26.65,36.25
2009-08-07,ANSS,0.122026,0.027137,0.022434,0.251703,0.518,0.222,0.31,30.345,6.482,2.659,13.779,36.49,39.78
2009-11-06,ANSS,0.128187,0.030529,0.041635,0.293338,0.474,0.238,0.35,33.02,7.282,2.907,14.239,41.2,44.04
2010-02-25,ANSS,0.150362,0.03763,0.04254,0.335878,0.463,0.25,0.43,33.672,7.582,2.986,14.737,43.62,44.93
2010-04-29,ANSS,0.150362,0.03763,0.04254,0.335878,0.463,0.25,0.43,35.54,8.003,3.151,14.737,46.04,43.815
2010-05-06,ANSS,0.136053,0.032369,0.053362,0.38924,0.438,0.238,0.36,31.485,7.49,2.958,15.106,44.41,46.58
2010-08-05,ANSS,0.137767,0.035493,0.026248,0.415488,0.393,0.258,0.39,29.376,7.234,2.849,15.478,43.96,45.41
2010-11-04,ANSS,0.139843,0.03613,0.079228,0.494716,0.451,0.258,0.4,29.396,7.381,2.851,16.067,45.75,54.11
2011-02-25,ANSS,0.166573,0.04914,-0.022237,0.472479,0.39,0.295,0.54,33.461,8.831,3.349,16.761,55.83,54.19
2011-05-05,ANSS,0.158047,0.042241,0.077455,0.549934,0.382,0.267,0.46,30.211,8.177,3.123,17.181,53.64,49.94
2011-08-04,ANSS,0.162258,0.045431,0.079778,0.629712,0.364,0.28,0.49,27.22,7.511,2.87,17.841,51.04,54.31
2011-11-03,ANSS,0.172935,0.045546,-0.223414,0.406298,0.387,0.263,0.49,29.367,8.116,3.163,18.347,57.97,66.01
2012-02-23,ANSS,0.198209,0.047457,0.06553,0.471828,0.396,0.239,0.51,32.393,8.464,3.336,18.968,63.08,68.54
2012-05-03,ANSS,0.185345,0.045539,0.086018,0.557846,0.382,0.246,0.49,31.5,8.063,3.183,19.618,62.216,59.92
2012-08-02,ANSS,0.195016,0.050262,-0.006362,0.551484,0.38,0.258,0.54,32.551,8.178,3.375,19.658,66.56,70.25
2012-11-01,ANSS,0.196909,0.051619,0.003403,0.554887,0.349,0.262,0.56,32.082,8.062,3.297,20.514,67.49,75.16
2013-02-28,ANSS,0.220748,0.056063,0.021816,0.576703,0.344,0.254,0.61,34.621,8.828,3.631,20.955,75.8,79.95
2013-05-02,ANSS,0.197732,0.051023,0.07429,0.650993,0.296,0.258,0.55,32.976,8.503,3.435,21.59,73.93,79.84
2013-08-01,ANSS,0.21485,0.055945,0.00841,0.659403,0.289,0.26,0.6,38.297,9.901,4.115,21.514,88.93,89.03
2013-11-07,ANSS,0.212658,0.06243,0.047931,0.707334,0.254,0.294,0.67,34.596,9.22,3.735,22.566,84.18,84.47
2014-02-27,ANSS,0.23602,0.075929,0.035152,0.742486,0.274,0.322,0.82,31.384,8.94,3.604,23.106,83.2,76.31
2014-05-01,ANSS,0.215271,0.056542,0.115198,0.857684,0.265,0.263,0.61,26.778,7.644,3.042,23.876,72.49,76.59
2014-08-05,ANSS,0.232375,0.063036,-0.074769,0.782915,0.261,0.271,0.68,27.811,8.003,3.232,24.046,77.96,77.45
2014-11-05,ANSS,0.234,0.065479,0.03389,0.816805,0.236,0.28,0.71,27.137,7.718,3.14,24.553,77.06,86.32
2015-02-26,ANSS,0.254375,0.069633,-0.028741,0.788064,0.251,0.274,0.76,30.253,8.232,3.475,24.21,85.59,87.24
2015-05-06,ANSS,0.217781,0.056132,-0.02767,0.760394,0.246,0.258,0.62,29.769,8.065,3.519,23.887,84.32,95.23
2015-08-05,ANSS,0.235485,0.062335,0.07996,0.840354,0.225,0.265,0.69,33.423,9.001,3.781,24.941,94.02,97.77
2015-11-05,ANSS,0.23784,0.066033,-0.064115,0.776239,0.222,0.278,0.74,32.703,8.79,3.758,24.657,93.39,86.54
2016-02-25,ANSS,0.251647,0.068021,0.007929,0.784168,0.244,0.27,0.77,29.418,7.88,3.385,24.761,84.22,89.96
2016-05-05,ANSS,0.225906,0.056468,0.079267,0.863435,0.235,0.25,0.64,29.164,7.755,3.301,25.352,83.76,90.32
2016-08-04,ANSS,0.246069,0.069628,-0.02008,0.843355,0.229,0.283,0.79,31.112,8.418,3.62,25.512,92.8,89.52
2016-11-03,ANSS,0.245862,0.069557,-0.005439,0.837916,0.225,0.283,0.8,27.398,7.452,3.24,25.642,83.49,101.08
2017-02-23,ANSS,0.270628,0.069983,-0.015437,0.822479,0.268,0.259,0.82,33.473,8.995,4.026,25.62,104.15,111.0
2017-05-04,ANSS,0.253405,0.063306,0.043709,0.866188,0.264,0.25,0.74,37.493,10.055,4.62,25.878,119.49,127.48
2017-08-03,ANSS,0.263924,0.06973,-0.008192,0.857996,0.261,0.264,0.82,38.37,10.116,4.777,25.707,123.39,124.32
