datekey,ticker,revenue,netinc,ncf,cashneq,de,netmargin,eps,pe,ps,pb,bvps,P0,P1
2001-12-11,ANTM,2.6637,0.1115,,0.4179,1.802,0.042,,,,2.285,10.549,21.5398021288,25.3830033385
2002-03-25,ANTM,2.6622,0.0877,0.0418,0.446,2.047,0.033,,17.101,0.56,2.841,9.962,25.2936265661,30.4551351675
2002-05-10,ANTM,2.8124,0.0998,0.0499,0.4959,2.012,0.035,0.48,,,3.313,10.286,30.4596040062,29.8071535682
2002-08-05,ANTM,2.9001,0.1062,0.2094,0.7061,1.977,0.037,0.52,15.363,0.564,2.791,10.84,27.0364736264,28.3547810181
2002-11-04,ANTM,3.5794,0.1712,0.2463,0.9641,1.298,0.048,0.67,19.472,0.757,1.7,18.825,28.6005671419,26.7772809866
2003-03-07,ANTM,3.9904,0.1719,-0.2171,0.744,1.293,0.043,0.62,15.26,0.631,1.563,19.359,27.0364736264,30.030595499
2003-04-30,ANTM,4.1003,0.1917,-0.231,0.5114,1.284,0.047,0.69,14.806,0.651,1.733,19.803,30.6741082597,35.29041855
2003-07-31,ANTM,4.1144,0.1773,0.012,0.5296,1.251,0.043,0.64,14.699,0.663,1.825,20.683,33.7442003889,30.4819481992
2003-11-14,ANTM,4.2618,0.1965,0.1942,0.7267,1.256,0.046,0.71,12.887,0.577,1.624,21.163,30.7098589686,38.1504752642
2004-02-27,ANTM,4.2949,0.2088,-0.2056,0.5228,1.24,0.049,0.75,15.335,0.708,1.979,21.716,38.4096679039,41.7121396411
2004-04-28,ANTM,4.5741,0.2956,0.2218,0.7459,1.192,0.065,1.07,14.5,0.738,2.004,22.923,41.0507515259,35.9875573741
2004-08-05,ANTM,4.6045,0.2379,0.4041,1.1495,1.081,0.052,0.86,11.783,0.624,1.685,23.505,35.406608354,34.3385559248
2004-10-27,ANTM,4.803,0.2421,-0.3798,0.7698,1.079,0.05,0.88,11.437,0.616,1.656,24.5,36.2512188524,54.8818070422
2005-03-14,ANTM,6.8335,0.1845,0.7466,1.4572,1.042,0.027,0.34,38.596,1.78,1.904,31.902,54.2963891835,58.0859643298
2005-05-04,ANTM,11.0999,0.6117,0.0337,1.4909,1.024,0.055,1.01,31.481,1.469,2.009,32.648,58.6132872865,61.0353978163
2005-07-27,ANTM,11.2992,0.5594,0.4624,1.9533,1.029,0.05,0.92,25.771,1.21,2.003,33.493,59.9718142257,68.0067860572
2005-10-26,ANTM,11.3046,0.6407,0.21,2.1633,0.971,0.057,1.05,22.138,1.09,2.081,34.461,64.1010211069,70.2054546562
2006-02-23,ANTM,11.4323,0.652,0.5769,2.7402,1.057,0.057,1.06,20.661,1.128,2.037,38.041,69.2491231924,63.2251287381
2006-04-26,ANTM,13.8197,0.7318,-0.6002,2.14,1.13,0.053,1.12,17.377,0.938,1.862,37.828,62.9569984212,69.696007054
2006-07-26,ANTM,14.1519,0.7512,-0.2056,1.9344,1.156,0.053,1.2,17.332,0.949,2.07,37.493,69.3742506736,70.2680183968
2006-10-25,ANTM,14.4259,0.8108,0.2951,2.2295,1.132,0.056,1.31,16.108,0.881,1.965,38.94,68.4000438554,72.8420694396
2007-02-26,ANTM,14.5555,0.8011,0.3726,2.6021,1.106,0.055,1.3,16.054,0.872,2.022,40.128,72.511375382,73.5034575548
2007-04-25,ANTM,15.0792,0.7831,0.7999,3.402,1.128,0.052,1.28,15.377,0.831,1.924,40.967,70.4646472959,73.4408938141
2007-07-25,ANTM,15.2598,0.8352,0.8031,4.2051,1.169,0.055,1.37,14.863,0.809,1.921,41.633,71.4924801776,71.0366586388
2007-10-24,ANTM,15.2339,0.868,-1.3811,2.824,1.235,0.057,1.47,13.615,0.744,1.891,41.437,70.0177634343,67.0236415617
2008-02-21,ANTM,15.5614,0.8591,-0.0561,2.7679,1.264,0.055,1.52,12.025,0.658,1.75,42.422,66.344378092,41.6048875143
2008-04-23,ANTM,15.5537,0.5881,-0.2158,2.5521,1.397,0.038,1.08,8.341,0.427,1.222,40.869,44.6347600959,43.5711765053
2008-07-23,ANTM,15.6668,0.7505,-0.2783,2.2738,1.398,0.048,1.44,8.868,0.438,1.279,41.567,47.5216298418,37.4041792153
2008-10-22,ANTM,14.961,0.8207,-0.0032,2.2706,1.296,0.055,1.61,6.712,0.328,0.935,42.577,35.5719553828,36.4567854287
2009-02-19,ANTM,15.0696,0.3314,-0.0867,2.1839,1.258,0.022,0.67,8.256,0.336,0.959,43.002,36.8768562586,37.3237401202
2009-04-22,ANTM,15.1433,0.5804,0.1942,2.3781,1.298,0.038,1.17,8.194,0.334,0.946,44.379,37.5203690193,48.6030887868
2009-07-29,ANTM,15.4132,0.6935,-0.6535,1.7246,1.217,0.045,1.44,10.042,0.402,1.095,46.843,45.8324088449,41.7389526728
2009-10-28,ANTM,15.4251,0.7302,0.1176,1.8422,1.165,0.047,1.55,9.084,0.348,0.928,49.891,41.3725079062,53.3579330742
2010-02-18,ANTM,19.0465,2.7418,2.9739,4.8161,1.096,0.144,5.81,5.529,0.404,1.055,56.007,52.8306101175,49.9794910805
2010-04-28,ANTM,15.0985,0.8768,-1.2899,3.5262,1.087,0.058,1.99,4.867,0.378,1.001,57.397,51.346955697,47.1909357842
2010-07-28,ANTM,14.4572,0.7224,-1.4983,2.0279,1.108,0.05,1.73,4.007,0.317,0.854,59.515,45.4302133695,49.8275505676
2010-11-03,ANTM,14.5982,0.7391,0.2183,2.2462,1.095,0.051,1.86,4.343,0.349,0.906,61.893,50.0956808845,59.3193637878
2011-02-17,ANTM,14.6479,0.5488,-0.4574,1.7888,1.107,0.037,1.44,8.742,0.429,1.06,63.414,60.0701286753,65.4568456839
2011-04-27,ANTM,14.8943,0.9266,0.6132,2.402,1.124,0.062,2.48,9.444,0.473,1.157,65.306,67.7622327389,66.2045371134
2011-07-27,ANTM,15.1007,0.7016,-0.7022,1.6998,1.104,0.046,1.92,8.497,0.418,1.025,67.047,61.8305016271,60.5355238619
2011-10-26,ANTM,15.398,0.6832,0.8086,2.5084,1.216,0.044,1.92,8.462,0.403,1.02,68.183,62.8665932883,60.2032686788
2012-02-22,ANTM,15.3177,0.3353,-0.3068,2.2016,1.234,0.022,1.02,8.36,0.364,0.95,69.569,59.9402931115,64.4555092853
2012-04-25,ANTM,15.4152,0.8565,0.0775,2.2791,1.231,0.056,2.56,9.039,0.38,0.99,71.119,64.1275841391,56.1871997859
2012-07-25,ANTM,15.4073,0.6436,-0.326,1.9531,1.307,0.042,1.96,6.973,0.285,0.743,72.708,49.4085096131,56.2559356196
2012-11-07,ANTM,15.3531,0.6912,0.489,2.4421,1.344,0.045,2.17,6.953,0.286,0.738,78.433,53.1765665947,57.9398758764
2013-02-22,ANTM,15.5361,0.4642,0.0425,2.4846,1.477,0.03,1.56,7.089,0.305,0.791,78.289,57.2099683346,64.4405312384
2013-04-24,ANTM,17.6872,0.8852,-0.8193,1.6653,1.443,0.05,2.92,8.206,0.344,0.906,80.962,68.1584329397,81.7374250561
2013-07-24,ANTM,17.7956,0.8001,-0.318,1.3473,1.43,0.045,2.67,9.202,0.394,1.066,82.059,81.6720425883,82.9515751176
2013-10-23,ANTM,17.9698,0.6562,0.8384,2.1857,1.429,0.037,2.21,9.0,0.366,1.018,83.977,80.1843338353,82.4220252455
2014-02-20,ANTM,17.5709,0.1482,-0.5988,1.5821,1.406,0.008,0.53,9.951,0.349,1.0,87.677,82.6198381061,90.2841644553
2014-04-30,ANTM,17.8594,0.701,0.3843,1.9712,1.534,0.039,2.46,12.213,0.395,1.157,87.049,95.2910124474,106.965292916
2014-07-30,ANTM,18.4734,0.7311,-0.1866,1.7846,1.556,0.04,2.64,13.791,0.429,1.265,88.887,106.889262499,114.468481539
2014-10-29,ANTM,18.557,0.6309,-0.0667,1.7179,1.554,0.034,2.31,14.918,0.455,1.358,89.997,116.567070367,141.034407708
2015-02-24,ANTM,18.9843,0.5067,0.4338,2.1517,1.559,0.027,1.89,15.291,0.532,1.62,90.901,140.967407989,148.245500018
2015-04-29,ANTM,19.0515,0.8652,-0.7547,1.397,1.694,0.045,3.25,14.618,0.532,1.642,91.989,145.217531369,148.798524013
2015-07-29,ANTM,20.0155,0.8591,0.156,1.553,1.786,0.043,3.27,14.192,0.53,1.761,88.164,149.831042954,140.217590314
2015-10-28,ANTM,19.9016,0.6548,-0.0052,1.5478,1.683,0.033,2.51,12.828,0.475,1.593,89.003,137.416921049,124.646217902
2016-02-19,ANTM,20.1879,0.1809,0.5657,2.1135,1.678,0.009,0.7,12.989,0.42,1.443,88.173,123.87703721,143.896750757
2016-04-27,ANTM,20.2885,0.703,-0.4375,1.676,1.712,0.035,2.69,15.875,0.473,1.617,89.549,141.636592368,135.273336103
2016-07-27,ANTM,21.4562,0.7806,-0.0933,1.5827,1.644,0.036,2.97,15.189,0.43,1.454,92.083,131.606139769,116.039196179
2016-11-02,ANTM,21.4039,0.6178,0.9633,2.546,1.603,0.029,2.35,14.196,0.389,1.309,93.929,121.543695606,163.01550006
2017-02-22,ANTM,21.7144,0.3684,1.5293,4.0753,1.593,0.017,1.39,17.477,0.509,1.72,94.941,162.072467999,171.866820828
2017-04-26,ANTM,22.5259,1.0099,2.6971,6.7724,1.642,0.045,3.82,17.085,0.545,1.818,98.465,178.414223198,190.58
2017-07-26,ANTM,22.4072,0.8553,-2.2112,4.5612,1.582,0.038,3.23,17.036,0.552,1.838,100.66,184.99,190.48
