datekey,ticker,revenue,netinc,ncf,cashneq,de,netmargin,eps,pe,ps,pb,bvps,P0,P1
2001-08-13,APC,2.264,0.401,-0.293,0.3,1.399,0.177,0.8,8.055,1.341,1.792,15.572,24.7786155527,26.1426540859
2001-11-14,APC,1.743,-0.27,-0.232,0.068,1.474,-0.155,-0.54,11.217,1.221,1.89,14.522,24.4909782503,20.9502040198
2002-02-05,APC,1.743,-1.353,-0.232,0.068,1.633,-0.776,-2.71,9.789,1.066,1.938,12.356,21.403710134,24.8962715185
2002-03-25,APC,1.379,0.108,-0.031,0.037,1.63,0.078,0.21,-73.965,1.662,2.181,12.752,24.9586012397,23.596251618
2002-05-13,APC,1.373,0.088,-0.011,0.026,1.728,0.064,0.17,40.984,1.983,2.137,12.643,24.0281075439,18.2956444176
2002-08-14,APC,1.738,0.239,0.019,0.045,1.658,0.138,0.48,62.58,1.657,1.567,13.284,18.5275170741,19.9206852854
2002-11-14,APC,0.951,0.189,-0.014,0.031,1.631,0.199,0.38,18.089,2.075,1.689,13.416,20.2780069946,19.6300647099
2003-03-14,APC,1.117,0.309,0.003,0.034,1.62,0.277,0.62,13.098,2.799,1.551,14.044,19.473060079,20.9758186891
2003-05-14,APC,1.257,0.418,0.048,0.082,1.604,0.333,0.84,10.19,2.325,1.58,14.962,21.1642242462,18.716431871
2003-08-11,APC,1.277,0.301,0.046,0.128,1.587,0.236,0.6,8.714,2.304,1.358,15.614,19.1075751745,19.4213485527
2003-11-12,APC,1.34,0.274,0.016,0.144,1.49,0.204,0.55,8.354,2.179,1.33,16.356,19.5340013865,23.4726629204
2004-03-04,APC,1.278,0.294,-0.082,0.062,1.389,0.23,0.59,10.045,2.524,1.503,16.994,23.2150691995,24.8991597038
2004-05-10,APC,1.46,0.392,0.08,0.142,1.353,0.268,0.78,10.588,2.493,1.497,17.694,24.0200992885,26.4780987186
2004-08-05,APC,1.443,0.405,0.167,0.309,1.361,0.281,0.8,10.558,2.61,1.575,18.157,26.1646678022,30.5869771873
2004-11-05,APC,1.562,0.399,-0.155,0.154,1.28,0.255,0.8,11.304,2.933,1.783,18.89,31.0058521354,35.3009761149
2005-03-15,APC,1.602,0.405,0.72,0.874,1.175,0.253,0.83,11.228,2.963,1.936,19.027,34.7065296259,33.9611851821
2005-05-06,APC,1.53,0.491,0.123,0.997,1.149,0.32,1.03,10.251,2.838,1.825,20.131,33.7874239007,40.127795491
2005-08-04,APC,1.59,0.507,-0.082,0.915,1.071,0.318,1.07,11.461,3.283,2.052,21.303,40.0086267094,40.3712654075
2005-11-08,APC,1.756,0.598,0.097,1.012,1.082,0.339,1.26,10.44,3.218,1.972,22.498,40.7202832861,46.8030193884
2006-03-03,APC,2.224,0.87,-0.273,0.739,1.044,0.393,1.88,9.521,3.307,2.125,23.817,46.876630743,48.7876397011
2006-05-09,APC,1.954,0.661,0.081,0.82,0.979,0.338,1.44,9.304,3.259,2.122,25.124,49.3038622468,42.2454399717
2006-08-01,APC,1.809,0.815,0.0,0.671,0.914,0.45,1.77,7.337,2.79,1.747,26.937,43.4184113046,44.2279682149
2006-11-09,APC,3.498,1.461,1.108,1.803,3.369,0.418,3.18,5.82,2.337,1.61,29.939,44.6259181277,37.0668744017
2007-02-28,APC,3.179,1.917,-1.417,0.491,2.946,0.603,4.16,3.846,1.832,1.251,32.42,37.3542863843,42.8362289488
2007-05-08,APC,2.683,0.105,3.138,3.62,2.698,0.039,0.23,4.932,1.897,1.402,32.633,42.427379909,48.0978946665
2007-08-03,APC,3.313,0.652,-2.002,1.647,2.23,0.197,1.4,5.622,1.833,1.471,33.966,46.4409515175,55.5518569523
2007-11-09,APC,3.03,0.504,-0.404,1.243,1.943,0.166,1.08,8.462,2.201,1.662,34.689,53.7240637741,61.1700899552
2008-02-29,APC,2.889,0.153,0.025,1.268,1.963,0.053,0.32,7.897,1.877,1.823,35.191,59.5264356297,69.7030342981
2008-05-07,APC,2.978,0.287,0.045,1.308,1.902,0.096,0.61,22.533,2.94,2.155,35.592,71.7137886754,53.2095510942
2008-08-07,APC,2.786,0.023,-0.66,0.652,1.963,0.008,0.05,26.544,2.19,1.537,35.579,51.1403427902,31.0684024829
2008-11-04,APC,6.149,2.165,1.328,1.98,1.703,0.352,4.65,6.15,1.091,0.887,39.079,32.9908360806,32.7960628582
2009-02-25,APC,3.81,0.786,0.379,2.36,1.603,0.206,1.72,5.014,1.04,0.87,40.948,33.4166305614,45.4983884304
2009-05-07,APC,1.595,-0.338,-0.195,2.165,1.589,-0.212,-0.73,8.509,1.564,1.215,40.13,45.9320655684,46.8867502981
2009-08-04,APC,1.745,-0.226,1.362,3.527,1.501,-0.13,-0.48,10.363,1.86,1.262,41.084,47.6329334717,58.5060493792
2009-11-03,APC,2.74,0.2,0.059,3.586,1.478,0.073,0.4,73.668,3.143,1.569,40.367,59.8400327172,65.5608971907
2010-02-23,APC,2.92,0.229,-0.055,3.531,1.491,0.078,0.49,-252.411,3.786,1.71,40.504,65.5514217033,60.7483019448
2010-05-04,APC,3.139,0.716,0.161,3.692,1.431,0.228,1.44,34.67,3.022,1.542,41.921,61.099338517,50.6412644253
2010-08-03,APC,2.604,-0.04,-0.318,3.374,1.421,-0.015,-0.08,23.801,2.306,1.273,41.727,50.5176795863,58.6328691484
2010-11-01,APC,2.55,-0.026,0.844,4.218,1.487,-0.01,-0.05,35.61,2.792,1.517,41.591,60.1470199028,74.231228024
2011-02-23,APC,2.691,0.111,-0.538,3.68,1.456,0.041,0.23,51.954,3.599,1.911,41.786,75.9666273175,75.3552929063
2011-05-02,APC,3.253,0.216,-0.22,3.46,1.446,0.066,0.43,153.164,3.602,1.912,42.07,76.7012640615,80.5496669342
2011-07-27,APC,3.676,0.544,-0.054,3.406,1.41,0.148,1.09,48.538,3.37,1.91,43.114,78.7433205826,80.1360145861
2011-10-31,APC,3.199,-3.051,0.081,3.487,1.802,-0.954,-6.12,-17.932,3.049,2.099,37.398,75.1215326608,84.35798275
2012-02-21,APC,3.839,-0.358,-0.79,2.697,1.811,-0.093,-0.72,-16.133,3.06,2.36,36.355,82.1448431685,70.7709840811
2012-04-30,APC,3.447,2.156,0.26,2.957,1.645,0.625,4.3,-51.584,2.583,1.804,40.639,70.2147139799,67.7428577476
2012-08-08,APC,3.222,-0.089,-0.163,2.794,1.584,-0.028,-0.18,-25.982,2.544,1.723,40.472,67.0224955853,63.9441493091
2012-10-29,APC,3.332,0.121,-0.262,2.532,1.534,0.036,0.24,18.158,2.401,1.629,40.786,66.1753183029,79.0309451948
2013-02-19,APC,3.41,0.203,-0.061,2.471,1.489,0.06,0.41,17.613,3.14,2.041,41.012,81.0047931194,83.4728270654
2013-05-06,APC,3.893,0.46,1.264,3.735,1.482,0.118,0.91,63.222,3.171,2.083,42.096,84.4559943126,85.4010294888
2013-07-29,APC,3.497,0.929,0.846,4.581,1.424,0.266,1.84,26.016,3.153,2.008,44.201,85.536111899,91.2488515808
2013-11-04,APC,3.853,0.182,-0.642,3.939,1.405,0.047,0.36,27.214,3.295,2.161,44.417,92.7376028409,80.4442117698
2014-02-28,APC,3.338,-0.77,-0.241,3.698,1.47,-0.231,-1.53,52.93,2.908,1.94,43.54,81.5292011386,96.6620681698
2014-05-05,APC,5.844,-2.669,2.226,5.924,1.945,-0.457,-5.3,-21.584,3.039,2.628,37.937,96.5844045618,104.779854541
2014-07-29,APC,4.439,0.227,-0.559,5.365,1.927,0.051,0.45,-18.24,3.163,2.859,38.279,106.317728857,86.1821086816
2014-10-28,APC,5.01,1.087,2.97,8.335,1.843,0.217,2.13,-21.533,2.456,2.213,40.864,88.1629701017,84.311715469
2015-02-20,APC,3.177,-0.395,-0.966,7.369,1.996,-0.124,-0.78,-24.739,2.344,2.195,38.752,83.6752158749,92.2767324889
2015-05-04,APC,2.321,-3.268,-5.061,2.308,2.084,-1.408,-6.45,-20.268,3.185,2.915,32.213,92.0900568163,68.9892253791
2015-07-28,APC,2.636,0.061,-0.135,2.173,1.999,0.023,0.12,-14.715,2.816,2.258,32.262,71.8083307453,68.2820907972
2015-10-27,APC,1.688,-2.235,-0.101,2.072,2.282,-1.324,-4.41,-5.684,3.378,2.356,27.715,64.6106914225,38.8778582782
2016-02-17,APC,2.053,-1.25,-1.133,0.939,2.415,-0.609,-2.45,-3.077,2.367,1.606,25.234,40.2802061977,52.5318458878
2016-05-02,APC,1.674,-1.034,2.008,2.947,2.843,-0.618,-2.03,-5.948,3.294,2.269,22.959,51.7253486329,53.6873808952
2016-07-26,APC,1.915,-0.692,-1.553,1.394,2.609,-0.361,-1.36,-5.362,3.812,2.477,22.12,54.5544315984,61.3046458485
2016-10-31,APC,1.893,-0.83,2.586,3.98,2.342,-0.438,-1.61,-8.729,4.409,2.637,24.371,59.2897518587,66.4785749643
2017-02-17,APC,2.387,-0.515,-0.796,3.184,2.462,-0.216,-0.9,-12.153,4.743,3.056,22.123,66.6482650206,56.6113960703
2017-05-02,APC,3.767,-0.318,2.647,5.831,2.498,-0.084,-0.58,-13.391,3.166,2.66,21.517,56.2217993795,44.06
2017-07-24,APC,2.716,-0.415,0.177,6.008,2.588,-0.153,-0.76,-11.922,2.302,2.159,20.783,44.21,44.89
