datekey,ticker,revenue,netinc,ncf,cashneq,de,netmargin,eps,pe,ps,pb,bvps,P0,P1
2001-08-14,BMY,4.709,1.201,0.31,2.944,0.832,0.255,0.62,39.776,5.801,11.4,4.917,29.6358528267,28.8936111955
2001-11-14,BMY,4.743,0.014,-0.143,2.801,1.48,0.003,0.0,39.999,5.59,10.649,5.132,29.0050056943,21.596186108
2002-04-01,BMY,5.282,0.02,2.699,5.5,1.52,0.004,0.01,346.202,4.028,7.288,5.543,21.5481827306,16.2274334896
2002-05-15,BMY,4.082,0.585,-2.118,3.382,1.321,0.143,0.3,31.983,3.094,5.423,5.547,16.1360870097,12.3808922391
2002-08-14,BMY,4.053,0.44,0.165,3.547,1.313,0.109,0.23,43.186,2.518,4.269,5.531,12.8319958633,12.4930405786
2003-03-19,BMY,4.537,0.357,0.015,3.562,1.715,0.079,0.19,31.238,2.439,4.762,4.75,12.5876848254,11.9697135668
2003-03-28,BMY,4.794,0.374,0.416,3.978,1.774,0.078,0.19,20.218,2.305,4.658,4.632,12.0031174187,14.7609700358
2003-05-14,BMY,4.711,0.761,0.35,4.328,1.728,0.162,0.39,26.356,2.814,5.477,4.802,14.8117143942,14.8617658977
2003-08-08,BMY,5.052,0.878,-0.021,4.307,1.696,0.174,0.45,21.284,2.642,5.247,4.963,14.8218914779,14.3825353769
2003-11-12,BMY,5.337,0.884,0.646,4.953,1.636,0.166,0.46,17.07,2.486,4.913,5.196,14.6819316298,15.0184546063
2004-03-15,BMY,5.794,0.583,-0.898,2.444,1.807,0.101,0.3,15.742,2.34,4.997,5.044,14.6463364898,15.2919928093
2004-05-10,BMY,5.181,0.964,0.621,3.065,1.692,0.186,0.5,14.913,2.31,4.685,5.432,14.9273375961,14.4391701334
2004-06-28,BMY,5.181,0.964,0.621,3.065,1.692,0.186,0.5,14.537,2.252,4.567,5.432,14.5509193116,13.6821324674
2004-08-06,BMY,5.43,0.527,0.093,3.158,1.779,0.097,0.27,14.908,2.028,4.228,5.371,13.4858236102,14.3542717749
2004-11-09,BMY,5.427,0.758,0.223,3.381,1.83,0.14,0.39,16.454,2.134,4.37,5.491,14.4144574008,15.2528730316
2005-03-04,BMY,3.342,0.139,0.194,3.68,1.983,0.042,0.07,20.433,2.518,4.783,5.245,15.2163537825,15.9861940426
2005-05-09,BMY,4.532,0.533,-0.369,3.311,1.736,0.118,0.27,25.904,2.706,4.883,5.326,15.9615809648,15.5540299874
2005-08-03,BMY,4.889,1.004,-1.513,1.798,1.336,0.205,0.51,20.169,2.699,4.545,5.533,15.6162461074,13.2421654336
2005-11-03,BMY,4.767,0.964,0.331,2.129,1.273,0.202,0.49,15.697,2.364,3.678,5.77,13.3366173982,14.6235793265
2006-03-14,BMY,5.019,0.499,0.921,3.05,1.511,0.099,0.25,14.961,2.337,4.004,5.733,14.6044552035,16.2991351219
2006-05-08,BMY,4.676,0.714,-0.573,2.477,1.376,0.153,0.36,15.522,2.552,4.273,5.905,16.1895285962,14.8438179487
2006-08-08,BMY,4.871,0.667,0.125,2.602,1.34,0.137,0.34,14.666,2.157,3.561,5.976,13.8268501841,16.2323700889
2006-11-02,BMY,4.154,0.338,0.232,2.834,1.348,0.081,0.17,21.698,2.571,4.153,5.91,16.1334726269,18.0238062626
2007-02-26,BMY,4.213,-0.134,-0.816,2.018,1.56,-0.032,-0.07,34.643,3.065,5.496,5.09,18.1170902876,20.3609393285
2007-05-10,BMY,4.476,0.69,0.196,2.214,1.543,0.154,0.35,37.672,3.32,5.731,5.23,20.1118964342,19.2909885636
2007-08-01,BMY,4.928,0.706,0.165,2.379,1.525,0.143,0.36,35.442,3.191,5.269,5.468,19.4675340415,19.4794659988
2007-10-25,BMY,5.05,0.858,-0.732,1.647,1.34,0.17,0.43,27.401,3.112,5.208,5.65,20.1237551627,15.7850976317
2008-02-22,BMY,4.894,-0.089,0.154,1.801,1.478,-0.018,-0.05,20.598,2.305,4.222,5.345,15.625582146,15.0753981288
2008-04-24,BMY,5.181,0.661,0.642,2.443,1.493,0.128,0.33,20.584,2.193,4.163,5.347,15.6241060402,15.6308400989
2008-07-24,BMY,5.203,0.764,1.604,4.047,1.604,0.147,0.39,19.959,2.154,4.063,5.452,15.7950745997,12.7041742191
2008-10-23,BMY,5.254,2.578,3.126,7.173,1.201,0.491,1.3,9.129,1.74,2.762,6.544,13.081023654,15.065288476
2009-02-20,BMY,5.249,1.244,0.803,7.976,1.414,0.237,0.62,7.685,1.958,3.294,6.182,14.9624537424,15.3002089051
2009-04-28,BMY,5.015,0.638,-0.144,7.832,1.242,0.127,0.32,7.451,1.878,2.919,6.733,14.6372495125,15.3454732475
2009-07-23,BMY,5.384,0.983,-0.325,7.507,1.126,0.183,0.49,7.592,1.977,2.931,7.116,15.7765683559,17.3968356471
2009-10-22,BMY,5.487,0.966,-1.14,6.367,1.142,0.176,0.49,11.614,2.105,3.065,7.329,17.2204904642,19.2832527863
2010-02-19,BMY,2.922,8.025,1.316,7.683,1.093,2.746,4.05,4.03,2.274,2.881,8.659,19.3686456126,19.121053992
2010-04-29,BMY,4.807,0.743,-2.548,5.135,1.018,0.155,0.43,4.071,2.346,2.861,8.867,19.930202949,19.6926133649
2010-07-22,BMY,4.768,0.927,0.783,5.918,0.988,0.194,0.54,4.01,2.377,2.729,9.137,19.8358323712,21.8628147523
2010-10-26,BMY,4.798,0.949,1.663,7.581,1.004,0.198,0.55,4.319,2.658,2.879,9.33,21.621325635,21.0065971405
2011-02-18,BMY,5.111,0.483,-2.548,5.033,0.982,0.095,0.28,13.989,2.227,2.762,9.23,20.7783531669,23.3400373141
2011-04-28,BMY,5.011,0.986,-1.628,3.405,0.934,0.197,0.58,14.428,2.451,3.017,9.378,23.3482905098,23.8854162331
2011-07-28,BMY,5.434,0.902,0.26,3.665,0.959,0.166,0.53,14.925,2.434,3.03,9.587,24.2527557347,27.4173940317
2011-10-27,BMY,5.345,0.969,0.806,4.471,0.94,0.181,0.57,16.55,2.645,3.335,9.78,27.5101628211,27.2885531297
2012-02-17,BMY,5.454,0.852,1.305,5.776,1.072,0.156,0.51,15.074,2.632,3.504,9.452,28.2083919993,29.4980538923
2012-04-26,BMY,5.251,1.101,-3.469,2.307,0.989,0.21,0.65,14.912,2.654,3.49,9.672,29.0421201343,30.1675426531
2012-07-25,BMY,4.443,0.645,0.494,2.801,0.985,0.145,0.38,16.451,2.864,3.645,9.588,30.3586413972,29.1658013384
2012-10-24,BMY,3.736,-0.711,-1.298,1.503,1.593,-0.19,-0.43,28.911,2.889,3.925,8.421,28.9990894776,32.4398550075
2013-02-15,BMY,4.191,0.925,0.153,1.656,1.634,0.221,0.55,30.558,3.399,4.397,8.32,32.4398550075,37.0719243215
2013-04-25,BMY,3.831,0.609,-0.301,1.355,1.63,0.159,0.37,45.002,4.078,4.837,8.316,35.9718406806,40.197569443
2013-07-25,BMY,4.048,0.536,0.466,1.821,1.522,0.132,0.33,53.218,4.576,5.033,8.729,39.6025841137,45.165590715
2013-10-23,BMY,4.065,0.692,-0.05,1.771,1.5,0.17,0.42,29.187,4.996,5.474,8.944,44.4662642551,48.9095329293
2014-02-14,BMY,4.441,0.726,1.815,3.586,1.541,0.163,0.44,35.007,5.476,5.921,9.183,49.7141765819,46.3688860868
2014-04-29,BMY,3.811,0.937,1.639,5.225,1.156,0.246,0.57,28.271,4.994,5.282,9.337,45.4113078197,45.7510432896
2014-07-24,BMY,3.889,0.333,-0.943,4.282,1.182,0.086,0.2,30.506,5.06,5.35,9.245,45.8809124312,49.0478968887
2014-10-24,BMY,3.921,0.721,0.569,4.851,1.205,0.184,0.43,32.742,5.539,5.875,9.129,50.1035944789,55.9151262851
2015-02-13,BMY,4.258,0.013,0.72,5.571,1.264,0.003,0.01,49.797,6.285,6.719,8.936,56.4415632508,61.6112814534
2015-04-28,BMY,4.041,1.186,0.723,6.294,1.151,0.293,0.71,47.753,6.679,6.921,9.326,61.025047652,65.9506361589
2015-07-23,BMY,4.163,-0.13,-2.095,4.199,1.102,-0.031,-0.08,63.57,6.946,7.524,9.069,64.8763357573,61.7517734443
2015-10-27,BMY,4.069,0.706,-0.224,3.975,1.095,0.174,0.42,62.784,6.741,7.391,9.039,63.9042365001,57.2510587868
2016-02-12,BMY,4.287,-0.197,-1.59,2.385,1.214,-0.046,-0.12,64.218,6.069,7.045,8.545,57.9051367434,67.9574218315
2016-04-28,BMY,4.391,1.195,0.259,2.644,1.205,0.272,0.72,76.635,7.133,8.385,8.618,69.9217328997,74.380683235
2016-07-28,BMY,4.871,1.166,0.29,2.934,1.19,0.239,0.7,43.466,7.081,8.362,8.928,72.620136136,48.2758106054
2016-10-27,BMY,4.922,1.202,0.498,3.432,1.149,0.244,0.72,25.798,4.701,5.562,9.342,50.8908727745,53.819345666
2017-02-21,BMY,5.243,0.894,0.805,4.237,1.073,0.171,0.54,20.559,4.717,5.664,9.671,54.0066634106,53.4004141699
2017-04-27,BMY,4.929,1.574,-0.327,3.91,1.276,0.319,0.95,18.965,4.594,6.362,8.751,55.2873545999,55.98
2017-07-27,BMY,5.144,0.916,-0.44,3.47,1.265,0.178,0.56,19.396,4.395,6.051,8.963,54.24,55.95
