datekey,ticker,revenue,netinc,ncf,cashneq,de,netmargin,eps,pe,ps,pb,bvps,P0,P1
2001-08-14,CBS,5.7169,0.0167,-0.0839,0.8639,0.455,0.003,0.01,,,,35.538,7.98329711548,7.98329711548
2001-11-14,CBS,5.7138,-0.1904,-0.3386,0.5253,0.458,-0.033,-0.11,,,,35.427,7.98329711548,7.98329711548
2002-03-29,CBS,6.0399,-0.0425,0.2021,0.7274,0.448,-0.007,-0.02,,,,35.549,7.98329711548,7.98329711548
2002-05-14,CBS,5.6722,-1.1135,-0.1821,0.5453,0.437,-0.196,-0.64,,,,34.814,7.98329711548,7.98329711548
2002-08-14,CBS,5.8495,0.5465,0.1095,0.6548,0.431,0.093,0.31,,,,35.252,7.98329711548,7.98329711548
2002-11-14,CBS,6.3065,0.6403,-0.1338,0.521,0.435,0.102,0.37,,,,35.529,7.98329711548,7.98329711548
2003-03-27,CBS,6.7775,0.6524,0.1104,0.6314,0.436,0.096,0.37,,,,35.574,7.98329711548,7.98329711548
2003-05-15,CBS,6.0508,0.4431,0.0327,0.6641,0.418,0.073,0.25,,,,35.816,7.98329711548,7.98329711548
2003-08-14,CBS,6.4183,0.6596,0.2172,0.8813,0.425,0.103,0.38,,,,36.269,7.98329711548,7.98329711548
2003-11-07,CBS,6.5998,0.6996,-0.1224,0.7589,0.418,0.106,0.4,,,,36.657,7.98329711548,7.98329711548
2004-03-15,CBS,7.5164,-0.3854,0.0918,0.8507,0.422,-0.051,-0.22,,,,36.349,7.98329711548,7.98329711548
2004-05-07,CBS,6.7724,0.7105,0.2086,1.0593,0.413,0.105,0.41,,,,36.646,7.98329711548,7.98329711548
2004-08-09,CBS,6.8418,0.7538,0.654,1.7133,0.402,0.11,0.44,,,,36.87,7.98329711548,7.98329711548
2004-11-09,CBS,5.4846,-0.4876,0.9308,2.4532,0.427,-0.089,-0.28,,,,37.232,7.98329711548,7.98329711548
2005-03-16,CBS,6.2964,-18.4389,-1.7159,0.9282,0.618,-2.928,-10.76,,,,25.818,7.98329711548,7.98329711548
2005-05-10,CBS,5.5767,0.585,-0.4608,0.4674,0.626,0.105,0.36,,,,25.514,7.98329711548,7.98329711548
2005-08-05,CBS,5.8761,0.7538,0.2,0.6664,0.644,0.128,0.47,,,,25.788,7.98329711548,7.98329711548
2005-11-07,CBS,5.9429,0.7085,0.1434,0.8108,0.668,0.119,0.45,,,,26.112,7.98329711548,18.9446790904
2006-03-16,CBS,-2.7851,-9.1364,0.8445,1.6553,0.98,3.28,-10.26,-2.639,1.287,0.861,28.145,18.8512788648,20.7037166723
2006-05-09,CBS,3.5818,0.2269,-0.3685,1.2868,0.921,0.063,0.3,-2.766,1.633,0.931,28.644,20.7582001372,20.4909892441
2006-08-08,CBS,3.4831,0.7817,1.775,3.0618,0.864,0.224,1.02,-2.762,2.005,0.887,29.605,20.5693486676,22.9996825742
2006-11-07,CBS,3.3788,0.3169,0.1148,3.1766,0.871,0.094,0.41,-2.942,3.0,0.988,29.747,23.1969354265,24.1217591987
2007-03-01,CBS,3.8829,0.335,-0.102,3.0746,0.85,0.086,0.44,14.169,1.643,1.0,29.963,23.8040541056,25.6531953547
2007-05-04,CBS,3.6578,0.2135,0.304,3.3786,0.929,0.058,0.28,14.232,1.628,1.043,30.668,25.6051856316,25.7503888209
2007-08-02,CBS,3.3749,0.404,-0.5818,2.7968,0.886,0.12,0.56,18.851,1.674,1.057,30.767,26.201443489,22.4711228653
2007-11-05,CBS,3.2814,0.3433,-1.5708,1.226,0.939,0.105,0.49,14.591,1.332,0.892,30.944,22.4142750662,19.6620163131
2008-02-28,CBS,3.7588,0.2862,0.1209,1.3469,0.883,0.076,0.43,13.079,1.159,0.76,31.544,19.6374285478,19.9271339104
2008-05-02,CBS,3.6541,0.2443,0.912,2.2589,0.894,0.067,0.37,12.967,1.178,0.765,31.816,20.1591338062,13.7250223033
2008-08-01,CBS,3.3937,0.4084,-1.445,0.8139,0.881,0.12,0.61,8.474,0.771,0.496,32.25,13.4062259417,8.17114003902
2008-11-04,CBS,3.3757,-12.4622,-0.2608,0.5531,1.962,-3.692,-18.58,-0.58,0.472,0.729,13.499,8.39290375616,4.62209557085
2009-02-25,CBS,3.5269,0.1361,-0.1336,0.4195,2.128,0.039,0.21,-0.29,0.242,0.393,12.66,4.42654537362,7.20791468371
2009-05-07,CBS,3.1599,-0.0553,-0.1799,0.2396,2.118,-0.018,-0.08,-0.457,0.407,0.647,12.465,7.28017448004,8.04887136292
2009-08-06,CBS,3.0063,0.0154,0.1019,0.3415,2.023,0.005,0.02,-0.468,0.443,0.672,12.704,7.75816720534,10.8604711132
2009-11-05,CBS,3.35,0.2076,0.1323,0.4738,2.002,0.062,0.31,28.509,0.664,0.979,13.063,11.6727248351,12.0913626732
2010-02-25,CBS,3.4984,0.0588,0.2429,0.7167,1.989,0.017,0.09,39.277,0.684,0.986,13.322,12.0364019338,14.8907826071
2010-05-05,CBS,3.5309,-0.0262,0.156,0.8727,1.958,-0.007,-0.04,41.447,0.791,1.171,13.376,14.320888458,14.1163475488
2010-08-03,CBS,3.331,0.1501,-0.0346,0.8381,1.833,0.045,0.22,26.18,0.745,1.113,13.49,13.8487827913,16.0058909922
2010-11-04,CBS,3.2975,0.3173,0.2339,1.072,1.78,0.096,0.47,24.049,0.88,1.262,13.992,16.348411505,20.4505690964
2011-02-25,CBS,3.9004,0.283,-0.592,0.48,1.662,0.073,0.42,21.856,1.126,1.612,14.605,21.8523103282,23.8605998492
2011-05-03,CBS,3.51,0.202,0.492,0.972,1.697,0.058,0.3,17.724,1.202,1.726,14.624,23.4792023467,25.4730484793
2011-08-02,CBS,3.586,0.395,0.374,1.346,1.637,0.11,0.59,14.704,1.232,1.77,14.85,24.5392857052,23.3958485918
2011-11-03,CBS,3.365,0.338,-0.399,0.947,1.638,0.1,0.51,13.174,1.117,1.621,15.125,22.9926335659,27.7011616735
2012-02-23,CBS,3.784,0.37,-0.287,0.66,1.644,0.098,0.57,14.643,1.341,1.929,15.265,27.7105742326,31.5220011443
2012-05-01,CBS,3.924,0.363,0.134,0.794,1.638,0.093,0.56,14.776,1.478,2.165,15.435,31.5597746627,31.3276472282
2012-08-02,CBS,3.476,0.427,1.094,1.888,1.647,0.123,0.66,14.117,1.453,2.09,15.809,31.2992278324,32.7226104162
2012-11-07,CBS,3.418,0.391,-0.941,0.947,1.565,0.114,0.61,13.929,1.479,2.1,16.193,32.3139341896,40.9468604928
2013-02-15,CBS,3.271,0.393,-0.239,0.708,1.591,0.12,0.62,17.844,1.993,2.75,16.233,42.567951849,43.7715018342
2013-05-01,CBS,4.04,0.443,-0.299,0.409,1.78,0.11,0.71,17.213,2.004,3.031,15.31,44.3643006795,50.1570687887
2013-07-31,CBS,3.699,0.472,-0.127,0.282,1.676,0.128,0.78,18.81,2.215,3.329,15.874,50.6458917408,57.5412229902
2013-11-06,CBS,3.634,0.494,-0.056,0.226,1.678,0.136,0.82,19.854,2.443,3.699,16.116,57.2722489929,62.1920923665
2014-02-14,CBS,3.911,0.47,0.171,0.397,1.648,0.12,0.78,20.514,2.522,3.868,16.795,62.5289942753,54.6270664017
2014-05-08,CBS,3.856,0.468,-0.086,0.311,2.084,0.121,0.8,17.315,2.183,3.894,14.899,55.9385017116,55.7016391479
2014-08-07,CBS,3.188,0.439,0.173,0.261,1.893,0.138,0.77,16.021,2.055,3.33,17.086,54.976986427,50.360507701
2014-11-05,CBS,3.367,1.639,-0.306,0.178,2.117,0.487,3.08,9.022,1.9,3.615,14.521,50.8545230679,56.1192933106
2015-02-13,CBS,3.681,0.413,0.25,0.428,2.454,0.112,0.85,10.055,2.155,4.269,14.016,58.1204313446,59.5207540549
2015-05-07,CBS,3.5,0.394,-0.097,0.331,2.718,0.113,0.79,10.443,2.193,4.71,12.998,59.6181374875,51.6049769476
2015-08-05,CBS,3.219,0.332,-0.011,0.32,2.968,0.103,0.68,8.752,1.766,4.078,12.365,49.2229083939,46.8939740071
2015-11-03,CBS,3.257,0.426,-0.187,0.133,3.123,0.131,0.89,14.535,1.666,3.869,12.468,47.2564300418,42.4308010939
2016-02-16,CBS,3.91,0.261,0.19,0.323,3.272,0.067,0.56,14.609,1.487,3.711,12.106,44.14061105,54.8517347013
2016-05-04,CBS,3.849,0.473,0.088,0.411,3.286,0.123,1.03,17.165,1.799,4.671,12.103,55.709101018,53.463784022
2016-07-28,CBS,3.287,0.423,-0.235,0.176,3.294,0.129,0.94,15.225,1.685,4.473,12.119,53.5724904221,54.6878719495
2016-11-03,CBS,3.396,0.478,0.003,0.179,3.459,0.141,1.08,14.586,1.651,4.459,12.446,55.0349391333,65.0558772666
2017-02-17,CBS,2.634,-0.113,0.443,0.598,5.57,-0.043,-0.21,21.334,2.043,7.293,9.008,65.3243744671,63.273809291
2017-05-04,CBS,3.343,-0.252,-0.452,0.163,6.98,-0.075,-0.61,48.359,2.047,8.985,7.107,63.6626650367,63.62
