datekey,ticker,revenue,netinc,ncf,cashneq,de,netmargin,eps,pe,ps,pb,bvps,P0,P1
2001-08-14,CHK,0.275681,0.039485,,0.0,2.718,0.143,0.24,1.967,1.066,1.89,3.232,4.6026792737,5.5475382303
2001-10-26,CHK,0.238911,0.065008,,0.017042,2.411,0.272,0.4,2.343,1.219,1.994,3.728,5.66915373956,5.63173358287
2002-03-28,CHK,0.177075,0.042625,0.100552,0.12496,1.98,0.233,0.25,5.958,1.324,1.672,4.661,5.90302971892,6.10884058075
2002-05-15,CHK,0.089836,-0.027586,0.004358,0.122207,2.155,-0.335,-0.18,11.249,1.663,1.814,4.33,5.96851499314,4.04137692325
2002-08-05,CHK,0.194313,0.025033,-0.115656,0.006427,2.177,0.116,0.14,8.702,1.227,1.171,4.419,3.93847149234,5.31366225094
2002-11-07,CHK,0.198182,0.0166,0.019082,0.025509,2.463,0.071,0.08,23.948,1.735,1.557,4.423,5.26688705507,6.26787624671
2003-02-27,CHK,0.25542,0.026239,0.222259,0.247719,2.167,0.093,0.14,51.855,2.121,1.723,5.336,6.30529640341,7.49338637853
2003-05-15,CHK,0.37435,0.073509,-0.209633,0.038337,1.746,0.187,0.35,16.266,2.073,1.544,6.946,7.64306700532,8.33533990421
2003-08-14,CHK,0.429552,0.08224,-0.002095,0.035909,1.742,0.178,0.36,12.269,1.795,1.543,6.828,8.09210888568,7.84887786715
2003-09-18,CHK,0.429815,0.08224,-0.002095,0.035909,1.742,0.177,0.36,11.752,1.72,1.478,6.828,7.75532747541,9.44858956594
2003-11-12,CHK,0.454549,0.087859,0.002569,0.038478,1.687,0.18,0.38,10.257,1.706,1.63,7.332,9.27084382163,10.094087269
2004-03-15,CHK,0.456741,0.069373,0.002103,0.040581,1.639,0.137,0.29,10.722,1.814,1.798,7.999,10.0566671123,10.6179694627
2004-05-10,CHK,0.563129,0.11259,0.148844,0.189425,1.385,0.185,0.44,9.607,1.64,1.34,9.837,10.0753771906,10.9173307163
2004-08-09,CHK,0.574292,0.097155,-0.113188,0.076237,1.6,0.149,0.36,11.391,1.86,1.562,10.115,11.1605617348,13.1344750006
2004-11-09,CHK,0.629796,0.096872,-0.027164,0.049073,1.63,0.136,0.33,13.272,2.018,1.59,10.982,13.0783447655,18.0552256062
2005-03-09,CHK,0.942051,0.208538,-0.042177,0.006896,1.607,0.173,0.6,16.115,2.611,2.237,11.394,17.7558643526,16.2777681631
2005-05-10,CHK,0.78345,0.12501,-0.006896,0.0,1.949,0.153,0.39,14.092,2.184,2.02,10.225,16.0345371446,22.5456444098
2005-08-08,CHK,1.048018,0.193779,0.0,0.0,1.767,0.171,0.58,16.862,2.712,2.397,12.378,22.6204847232,25.4457065538
2005-11-01,CHK,1.082843,0.176988,0.127102,0.127102,1.94,0.138,0.46,17.547,2.78,2.549,13.059,24.6598832632,24.1453561086
2006-03-14,CHK,1.750979,0.452525,-0.067075,0.060027,1.611,0.247,1.31,13.214,2.491,1.883,17.904,24.706658459,26.2970151187
2006-05-10,CHK,1.944567,0.623723,-0.021741,0.038286,1.452,0.311,1.64,9.245,2.164,1.713,19.974,26.2408848836,25.5673220631
2006-08-09,CHK,1.584016,0.359903,0.327984,0.36627,1.231,0.21,0.87,9.078,2.164,1.532,23.616,25.8105530816,25.7357127682
2006-11-07,CHK,1.929411,0.548335,-0.365554,0.000716,1.295,0.271,1.25,7.353,1.928,1.364,24.41,25.4082863971,24.3605220096
2007-03-01,CHK,1.867601,0.471362,0.001803,0.002519,1.17,0.239,1.03,7.35,1.91,1.244,26.378,24.3418119313,28.5515795596
2007-05-08,CHK,1.58,0.258,0.001,0.004,1.323,0.147,0.51,10.612,2.336,1.468,24.561,28.2989935019,28.5796446772
2007-08-08,CHK,2.105,0.518,0.0,0.004,1.382,0.234,1.09,9.915,2.242,1.443,25.721,28.4580291679,33.0513534024
2007-11-09,CHK,2.027,0.372,-0.002,0.002,1.49,0.171,0.76,12.578,2.515,1.588,26.441,32.3777905819,37.2891861483
2008-02-29,CHK,2.089,0.303,-0.001,0.001,1.534,0.076,0.32,18.913,2.98,1.916,25.919,36.465942701,45.7648516402
2008-05-12,CHK,1.611,-0.132,0.0,0.001,1.917,-0.089,-0.29,35.452,3.861,2.636,23.266,45.1848392114,34.9972015507
2008-08-11,CHK,-0.455,-1.597,-0.001,0.0,2.7,3.624,-3.17,-19.574,4.782,2.453,19.724,35.1936573733,18.9439543277
2008-11-10,CHK,7.491,3.313,1.964,1.964,1.439,0.438,5.93,8.631,1.325,0.867,29.616,19.1778303071,12.7322083161
2009-03-02,CHK,2.981,-0.861,-0.215,1.749,1.359,-0.291,-1.69,13.532,0.725,0.517,28.343,10.9921710297,19.4865465998
2009-05-11,CHK,1.995,-5.74,-1.666,0.083,1.51,-2.88,-9.63,-2.815,1.167,1.186,19.796,18.2984566247,20.0478489503
2009-08-10,CHK,1.673,0.243,0.471,0.554,1.539,0.142,0.39,-5.079,1.111,1.309,19.904,20.0946241462,19.926233441
2009-11-09,CHK,1.811,0.192,-0.034,0.52,1.41,0.103,0.3,-2.643,1.934,1.366,19.351,20.7775420059,21.9188567851
2010-03-01,CHK,2.222,-0.524,-0.213,0.307,1.536,-0.238,-0.79,-2.971,2.258,1.52,18.165,22.0124071769,18.1300659196
2010-05-10,CHK,2.798,0.596,0.209,0.516,1.479,0.211,0.94,31.066,1.768,1.231,19.39,19.1217000721,17.5219883733
2010-07-30,CHK,2.798,0.738,0.209,0.516,1.479,0.262,1.17,28.282,1.61,1.121,19.39,17.4658581382,18.5136225257
2010-08-09,CHK,2.012,0.255,0.085,0.601,1.171,0.117,0.37,29.879,1.629,0.972,23.479,18.2797465464,18.9158892102
2010-11-09,CHK,2.581,0.558,0.008,0.609,1.248,0.2,0.81,18.593,1.569,0.987,24.166,19.2152504638,29.7583796131
2011-03-01,CHK,1.975,0.224,-0.507,0.102,1.436,0.092,0.28,13.327,2.366,1.452,24.19,28.1586679143,26.2128197661
2011-05-10,CHK,1.612,-0.162,0.747,0.849,1.321,-0.127,-0.32,28.644,2.542,1.387,23.651,26.4841159021,22.8543607026
2011-08-09,CHK,3.318,0.51,-0.74,0.109,1.367,0.141,0.74,20.087,2.029,1.243,24.383,24.4634274405,22.8356506242
2011-11-09,CHK,3.977,0.922,0.002,0.111,1.462,0.221,1.38,12.751,1.549,1.034,25.545,21.5540102573,21.1985187687
2012-02-29,CHK,2.727,0.473,0.24,0.395,1.436,0.157,0.68,10.549,1.424,0.996,25.975,21.1517435729,14.6032161509
2012-05-11,CHK,2.419,-0.028,0.087,0.519,1.615,-0.029,-0.11,5.757,0.788,0.593,25.749,12.5825276893,16.9887511403
2012-08-09,CHK,3.389,0.972,0.586,1.248,1.592,0.274,1.45,6.239,1.08,0.775,27.145,17.344242629,14.7528967777
2012-11-09,CHK,2.97,-2.012,-0.882,0.298,1.826,-0.692,-3.19,-14.747,0.984,0.739,23.8,14.6125711901,17.3816627857
2013-03-01,CHK,3.538,0.3,0.145,0.398,1.523,0.073,0.4,-13.969,1.066,0.843,24.213,16.9606860228,16.9513309836
2013-05-10,CHK,3.424,0.058,-0.254,0.114,1.558,0.004,0.02,-15.725,1.008,0.855,24.117,17.4471480599,22.1527327645
2013-08-06,CHK,4.675,0.58,0.644,0.758,1.493,0.098,0.7,-12.623,1.146,1.044,24.556,21.8627265501,24.5476227931
2013-11-06,CHK,4.867,0.202,0.31,1.062,1.478,0.032,0.24,19.712,1.057,1.077,24.689,22.8824258201,22.4146738614
2014-02-27,CHK,4.541,-0.116,-0.15,0.912,1.478,-0.034,-0.23,36.403,0.986,1.079,24.608,22.6672599191,24.8937592425
2014-05-07,CHK,5.046,0.425,0.167,1.079,1.477,0.074,0.57,23.71,1.031,1.207,24.834,26.0070089043,25.6633648399
2014-08-06,CHK,5.152,0.191,0.458,1.537,1.407,0.028,0.22,33.532,0.889,1.076,24.586,25.7913862301,22.5169748109
2014-11-06,CHK,5.703,0.662,-1.372,0.128,1.402,0.03,0.26,28.401,0.741,0.928,24.727,22.5169748109,17.0992798008
2015-02-27,CHK,5.05,0.64,4.018,4.146,1.334,0.116,0.89,8.714,0.529,0.656,25.649,16.58232483,15.86
2015-05-06,CHK,2.76,-3.739,-1.201,2.945,1.529,-1.37,-5.72,-3.397,0.525,0.749,19.785,14.72,8.0
2015-08-05,CHK,3.033,-4.108,-0.856,2.089,2.049,-1.369,-6.27,-0.652,0.283,0.522,13.532,7.03,7.61
2015-11-04,CHK,2.893,-4.652,-0.292,1.759,3.909,-1.623,-7.08,-0.412,0.361,1.159,6.459,7.46,2.69
2016-02-25,CHK,4.078,-2.185,-0.934,0.825,6.997,-0.546,-3.36,-0.115,0.133,0.796,3.23,2.56,5.65
2016-05-05,CHK,1.953,-0.921,-0.809,0.016,10.516,-0.494,-1.44,-0.325,0.327,2.982,1.963,5.71,5.29
2016-08-04,CHK,1.622,-1.75,-0.012,0.004,-414.313,-1.105,-2.48,-0.412,0.378,-124.556,-0.044,5.13,5.31
2016-11-03,CHK,2.276,-1.155,0.0,0.004,-11.297,-0.526,-1.54,-0.775,0.483,-4.023,-1.533,5.4,5.36
2017-03-03,CHK,2.021,-0.575,0.878,0.882,-9.747,-0.481,-0.98,-0.979,0.613,-3.304,-1.64,5.32,5.54
2017-05-04,CHK,2.753,0.14,-0.633,0.249,-8.843,0.027,0.08,-1.198,0.537,-3.193,-1.61,5.13,4.62
2017-08-03,CHK,2.281,0.494,-0.236,0.013,-13.437,0.206,0.52,-2.515,0.438,-4.358,-1.033,4.5,4.53
