datekey,ticker,revenue,netinc,ncf,cashneq,de,netmargin,eps,pe,ps,pb,bvps,P0,P1
2001-08-14,CHTR,0.928475,-0.273865,0.553312,0.572733,6.194,-0.295,-1.07,,,,13.807,35.0,35.0
2001-11-14,CHTR,1.043844,-0.317427,-0.557528,0.015205,6.863,-0.304,-1.08,,,,10.759,35.0,35.0
2002-03-29,CHTR,1.107016,-0.305686,-0.013526,0.001679,7.722,-0.277,-1.03,,,,9.712,35.0,35.0
2002-05-14,CHTR,1.078334,-0.174167,0.01507,0.016749,8.277,-0.162,-0.59,,,,9.155,35.0,35.0
2002-08-06,CHTR,1.158413,-0.201999,-0.010197,0.006552,9.151,-0.175,-0.69,,,,8.422,35.0,35.0
2002-11-19,CHTR,1.178511,-0.238852,0.501622,0.508174,11.232,-0.203,-0.81,,,,7.461,35.0,35.0
2003-04-15,CHTR,1.150742,-1.86049,-0.187495,0.321,544.951,-1.617,-6.32,,,,0.139,35.0,35.0
2003-05-14,CHTR,1.178,-0.181,0.125,0.446,-161.833,-0.154,-0.62,,,,-0.469,35.0,35.0
2003-08-05,CHTR,1.217,-0.037,-0.234,0.212,-125.885,-0.031,-0.13,,,,-0.591,35.0,35.0
2003-11-03,CHTR,1.207,0.037,-0.077,0.135,-169.906,0.03,0.12,,,,-0.431,35.0,35.0
2004-03-15,CHTR,1.217,-0.057,-0.008,0.127,-123.08,-0.048,-0.2,,,,-0.594,35.0,35.0
2004-05-10,CHTR,1.214,-0.293,0.026,0.153,-47.649,-0.242,-1.0,,,,-1.494,35.0,35.0
2004-08-09,CHTR,1.239,-0.415,-0.029,0.124,-26.745,-0.336,-1.39,,,,-2.652,35.0,35.0
2004-11-04,CHTR,1.248,-3.294,0.005,0.129,-5.185,-2.64,-10.89,,,,-13.49,35.0,35.0
2005-03-03,CHTR,1.276,-0.339,0.521,0.65,-5.011,-0.266,-1.09,,,,-14.544,35.0,35.0
2005-05-03,CHTR,1.271,-0.352,-0.618,0.032,-4.535,-0.278,-1.16,,,,-15.664,35.0,35.0
2005-08-02,CHTR,1.323,-0.355,0.008,0.04,-4.289,-0.269,-1.18,,,,-16.804,35.0,35.0
2005-11-02,CHTR,1.318,0.076,-0.018,0.022,-4.301,0.057,0.24,,,,-15.831,35.0,35.0
2006-02-28,CHTR,1.342,-0.336,-0.001,0.021,-4.34,-0.25,-1.07,,,,-15.503,35.0,35.0
2006-05-02,CHTR,1.374,-0.459,0.019,0.04,-4.01,-0.334,-1.45,,,,-16.959,35.0,35.0
2006-08-08,CHTR,1.383,-0.382,0.016,0.056,-3.802,-0.276,-1.2,,,,-18.14,35.0,35.0
2006-10-31,CHTR,1.388,-0.133,0.029,0.085,-3.608,-0.096,-0.41,,,,-17.824,35.0,35.0
2007-02-28,CHTR,1.413,-0.396,-0.025,0.06,-3.428,-0.28,-1.09,,,,-17.005,35.0,35.0
2007-05-03,CHTR,1.425,-0.381,0.145,0.205,-3.32,-0.267,-1.04,,,,-17.871,35.0,35.0
2007-08-02,CHTR,1.499,-0.36,-0.124,0.081,-3.198,-0.24,-0.98,,,,-18.633,35.0,35.0
2007-11-08,CHTR,1.525,-0.407,-0.022,0.059,-3.034,-0.267,-1.1,,,,-19.862,35.0,35.0
2008-02-27,CHTR,1.553,-0.468,0.016,0.075,-2.858,-0.301,-1.27,,,,-21.333,35.0,35.0
2008-05-12,CHTR,1.564,-0.358,0.392,0.467,-2.815,-0.229,-0.97,,,,-22.562,35.0,35.0
2008-08-05,CHTR,1.623,-0.276,-0.404,0.063,-2.73,-0.17,-0.74,,,,-22.882,35.0,35.0
2008-11-06,CHTR,1.636,-0.322,0.506,0.569,-2.716,-0.197,-0.86,,,,-23.611,35.0,35.0
2009-03-16,CHTR,1.656,-1.495,0.391,0.96,-2.321,-0.903,-3.99,,,,-27.797,35.0,35.0
2009-05-07,CHTR,1.662,-0.205,-0.124,0.836,-2.287,-0.123,-0.54,,,,-28.337,35.0,35.0
2009-08-06,CHTR,1.69,-0.112,0.156,0.992,-2.287,-0.066,-0.3,,,,-28.532,35.0,35.0
2009-11-09,CHTR,1.693,-1.035,0.083,1.075,-2.051,-0.611,-2.73,,,,-31.219,35.0,29.5
2010-02-26,CHTR,,,,0.754,7.69,,,,,1.782,16.693,29.75,39.5
2010-05-06,CHTR,1.735,0.024,-0.5,0.254,8.188,0.014,0.21,,,2.496,15.599,38.35,36.25
2010-08-04,CHTR,1.771,-0.081,-0.187,0.067,8.808,-0.046,-0.72,,,2.565,14.428,36.5,32.51
2010-11-03,CHTR,1.769,-0.095,0.615,0.682,9.857,-0.054,-0.84,,,2.51,13.465,33.35,45.77
2011-03-01,CHTR,1.784,-0.085,-0.65,0.032,9.627,-0.048,-0.75,-22.686,0.762,3.638,13.044,46.93,59.3
2011-05-03,CHTR,1.77,-0.11,0.022,0.054,12.287,-0.062,-0.97,-17.413,0.911,5.465,10.439,58.71,53.28
2011-08-02,CHTR,1.791,-0.107,0.14,0.194,13.858,-0.06,-0.98,-14.131,0.789,5.273,9.738,50.99,45.94
2011-11-01,CHTR,1.809,-0.085,-0.162,0.032,17.1,-0.047,-0.79,-13.03,0.705,5.836,7.969,46.85,63.43
2012-02-27,CHTR,1.834,-0.067,-0.003,0.029,37.154,-0.037,-0.65,-17.317,0.887,15.623,3.898,63.57,61.82
2012-05-08,CHTR,1.827,-0.094,0.002,0.031,46.604,-0.051,-0.95,-18.508,0.9,20.041,3.279,64.97,77.59
2012-08-07,CHTR,1.884,-0.083,0.001,0.032,62.742,-0.044,-0.84,-23.49,1.051,31.673,2.452,76.68,72.9358
2012-11-06,CHTR,1.88,-0.087,0.863,0.895,94.358,-0.046,-0.87,-21.865,0.975,41.835,1.735,71.62,77.03
2013-02-22,CHTR,1.913,-0.04,-0.861,0.034,103.691,-0.021,-0.4,-28.297,1.146,57.733,1.49,85.02,105.03
2013-05-07,CHTR,1.917,-0.042,0.058,0.092,120.233,-0.022,-0.42,-44.072,1.462,86.095,1.286,109.69,130.15
2013-08-06,CHTR,1.972,-0.096,-0.021,0.044,254.557,-0.049,-0.96,-48.636,1.678,211.286,0.606,127.05,135.77
2013-11-05,CHTR,2.118,-0.07,-0.003,0.041,281.787,-0.033,-0.68,-55.031,1.723,223.732,0.593,131.06,131.84
2014-02-21,CHTR,2.148,0.039,-0.02,0.021,113.536,0.018,0.4,-78.559,1.628,87.924,1.454,125.08,137.15
2014-04-30,CHTR,2.202,-0.037,-0.017,0.004,135.197,-0.017,-0.35,-89.435,1.738,115.491,1.193,135.53,161.77
2014-07-31,CHTR,2.259,-0.045,0.005,0.009,144.958,-0.02,-0.42,-148.565,1.924,141.074,1.102,154.52,154.4
2014-10-31,CHTR,2.287,-0.053,0.001,3.523,214.979,-0.023,-0.49,-180.281,1.945,178.423,0.892,158.39,175.875
2015-02-24,CHTR,2.36,-0.048,-0.007,7.114,167.151,-0.02,-0.44,-108.799,2.186,136.371,1.324,177.77,187.06
2015-05-01,CHTR,2.362,-0.081,0.017,7.132,316.013,-0.034,-0.73,-92.497,2.266,272.687,0.69,187.435,187.31
2015-08-04,CHTR,2.43,-0.122,0.01,0.03,-559.677,-0.05,-1.09,-70.567,2.273,-692.01,-0.277,191.5,184.1
2015-10-29,CHTR,2.45,0.054,-0.03,19.626,613.55,0.022,0.48,-110.155,2.26,361.677,0.536,193.33,165.04
2016-02-10,CHTR,2.512,-0.122,0.005,22.269,-855.696,-0.049,-1.1,-66.833,1.857,-393.731,-0.41,161.08,206.43
2016-04-28,CHTR,2.53,-0.188,1.273,23.591,-186.041,-0.074,-1.68,-62.408,2.378,-107.718,-1.95,209.75,236.82
2016-08-09,CHTR,6.161,3.067,-0.723,0.555,1.924,0.498,16.73,24.65,5.075,1.358,278.312,255.76,252.91
2016-11-03,CHTR,10.037,0.189,0.61,1.165,1.915,0.019,0.7,22.732,3.153,1.311,188.286,247.42,325.18
2017-02-16,CHTR,10.275,0.454,0.37,1.535,1.96,0.044,0.53,24.772,3.008,1.732,243.857,324.46,344.14
2017-05-02,CHTR,10.164,0.155,1.385,2.92,1.995,0.015,0.58,23.375,2.466,1.81,185.513,337.69,348.77
2017-07-27,CHTR,10.357,0.139,-2.226,0.694,2.165,0.013,0.53,100.979,2.317,2.038,176.242,366.9,384.63
