datekey,ticker,revenue,netinc,ncf,cashneq,de,netmargin,eps,pe,ps,pb,bvps,P0,P1
2001-09-28,CLX,1.03,0.082,0.099,0.251,1.103,0.08,0.35,27.115,2.244,4.609,8.046,24.0479241127,25.5880260828
2001-11-14,CLX,0.991,0.079,-0.062,0.189,1.177,0.08,0.34,30.166,2.346,5.211,7.49,25.7776154431,28.1276736281
2002-02-14,CLX,0.901,0.051,-0.007,0.182,1.192,0.057,0.22,34.323,2.554,5.834,7.355,28.1933924917,31.3165359239
2002-05-14,CLX,1.033,0.046,0.008,0.19,1.318,0.045,0.2,42.061,2.744,6.787,6.907,31.1052499974,27.5261613696
2002-09-26,CLX,1.136,0.145,-0.013,0.177,1.681,0.128,0.63,29.618,2.348,7.044,5.935,28.3894667925,29.1792406876
2002-11-13,CLX,1.047,0.145,-0.034,0.143,1.668,0.138,0.65,24.976,2.348,7.424,5.868,29.3328156386,27.1364765801
2003-02-12,CLX,0.926,0.089,0.006,0.149,1.768,0.096,0.41,20.949,2.15,7.089,5.753,27.5326785396,29.1286337255
2003-05-12,CLX,1.019,0.11,0.03,0.179,1.891,0.108,0.51,18.757,2.222,6.922,6.123,28.5551026004,31.0875274207
2003-09-19,CLX,1.152,0.149,-0.007,0.172,2.006,0.129,0.68,19.94,2.372,8.091,5.596,31.2029430062,32.0574299567
2003-11-07,CLX,1.048,0.129,0.015,0.187,2.075,0.123,0.61,20.581,2.368,8.485,5.441,31.7705931313,34.4354858171
2004-02-10,CLX,0.947,0.109,0.014,0.201,2.035,0.115,0.52,20.093,2.397,8.427,5.629,32.6295969298,36.1135710514
2004-05-06,CLX,1.086,0.126,-0.002,0.199,1.783,0.116,0.6,21.462,2.601,8.26,6.311,35.8236685315,36.5809774447
2004-08-27,CLX,1.243,0.185,0.033,0.232,1.49,0.149,0.87,20.462,2.598,7.295,7.252,36.5948575348,38.1139760995
2004-11-04,CLX,1.09,0.123,0.023,0.255,1.294,0.113,0.58,21.907,2.725,7.236,7.722,38.8811375581,41.5443509937
2005-02-09,CLX,1.0,0.699,0.045,0.3,-9.118,0.699,3.73,8.021,2.057,-19.886,-2.44,41.5233265246,44.8227304948
2005-05-05,CLX,1.086,0.118,-0.007,0.293,-11.855,0.109,0.77,8.02,2.042,-26.076,-2.254,41.197776631,40.4035550541
2005-08-31,CLX,1.254,0.156,0.0,0.293,-7.541,0.124,1.11,7.969,1.991,-15.794,-3.623,40.7289907979,38.7595361317
2005-11-04,CLX,1.104,0.109,-0.02,0.273,-7.711,0.099,0.72,7.536,1.835,-15.328,-3.527,38.4821743135,45.0849943947
2006-02-03,CLX,1.064,0.083,0.0,0.273,-7.756,0.078,0.56,19.891,2.056,-17.555,-3.518,44.1344071634,44.1525622949
2006-05-04,CLX,1.157,0.11,0.016,0.289,-9.482,0.095,0.73,20.423,2.043,-21.905,-2.84,44.511526216,43.1250929618
2006-08-25,CLX,1.319,0.142,-0.097,0.192,-24.179,0.108,0.94,20.338,1.944,-57.885,-1.034,43.0962370949,46.660294652
2006-11-03,CLX,1.161,0.112,-0.018,0.174,-65.345,0.096,0.74,21.543,2.048,-175.086,-0.364,45.9646294421,49.0311393855
2007-02-05,CLX,1.101,0.096,0.005,0.179,-110.818,0.087,0.63,21.912,2.127,-305.443,-0.218,48.5214601819,49.5813614519
2007-05-04,CLX,1.241,0.129,-0.008,0.171,39.12,0.104,0.85,21.443,2.13,111.643,0.607,49.5082110219,44.8833801279
2007-08-24,CLX,1.344,0.164,0.011,0.182,20.439,0.122,1.08,16.941,1.751,49.636,1.127,45.1483525262,46.3540412648
2007-11-01,CLX,1.239,0.111,0.027,0.209,-6.766,0.09,0.77,17.261,1.752,-13.548,-4.43,46.1614241843,47.0506630036
2008-02-04,CLX,1.186,0.092,0.071,0.28,-9.76,0.078,0.66,17.002,1.683,-15.222,-3.993,45.2906445429,43.7480140774
2008-05-02,CLX,1.353,0.1,0.002,0.282,-11.064,0.074,0.72,16.806,1.532,-16.628,-3.42,42.7714959061,45.6887024559
2008-08-19,CLX,1.495,0.158,-0.068,0.214,-13.724,0.106,1.14,18.008,1.574,-22.438,-2.681,45.5447652404,46.4582469645
2008-11-03,CLX,1.384,0.128,-0.03,0.184,-13.602,0.092,0.92,17.931,1.582,-23.547,-2.629,47.2069574072,40.6440764406
2009-02-05,CLX,1.216,0.086,-0.087,0.097,-11.913,0.071,0.62,15.649,1.356,-18.328,-2.897,40.9757074248,43.0016338827
2009-05-04,CLX,1.35,0.153,0.02,0.117,-15.45,0.113,1.09,14.361,1.385,-24.4,-2.22,42.1618189715,45.8626751102
2009-08-25,CLX,1.5,0.17,0.089,0.206,-27.149,0.113,1.22,15.305,1.508,-46.964,-1.256,46.2468896905,46.9760123232
2009-11-03,CLX,1.372,0.157,0.031,0.237,-98.83,0.114,1.12,14.49,1.508,-174.492,-0.336,46.3907892741,48.1300063465
2010-02-05,CLX,1.279,0.11,-0.083,0.154,165.259,0.086,0.78,14.397,1.544,314.605,0.192,48.3054595593,51.4769699155
2010-05-04,CLX,1.366,0.165,0.087,0.241,25.35,0.121,1.17,14.749,1.609,49.326,1.279,50.6652331534,52.1993279297
2010-08-26,CLX,1.517,0.171,-0.154,0.087,53.88,0.113,1.22,14.78,1.61,107.379,0.592,51.9886180203,51.8973782482
2010-11-03,CLX,1.266,0.216,0.199,0.286,16.179,0.171,1.54,13.268,1.618,31.482,2.0,51.4643554134,54.1114120216
2011-02-07,CLX,1.179,0.021,0.093,0.379,32.532,0.018,0.15,15.781,1.697,72.922,0.894,54.1526177877,56.0492481395
2011-05-04,CLX,1.304,0.151,-0.226,0.153,-50.402,0.116,1.1,16.193,1.719,-110.391,-0.601,56.3981540861,55.205258211
2011-08-26,CLX,1.482,0.169,0.106,0.259,-49.407,0.114,1.26,15.848,1.687,-102.641,-0.65,56.2354883369,54.9248523856
2011-11-03,CLX,1.305,0.13,0.011,0.27,-54.645,0.1,0.99,17.915,1.601,-111.026,-0.576,54.0545047247,59.5476265127
2012-02-06,CLX,1.221,0.105,0.027,0.297,-22.558,0.086,0.79,16.233,1.696,-45.274,-1.518,59.1640531956,58.2941041207
2012-05-03,CLX,1.401,0.132,0.006,0.303,-42.377,0.094,1.02,16.266,1.612,-82.249,-0.814,57.6320619353,62.4245678062
2012-08-24,CLX,1.541,0.174,-0.036,0.267,-33.259,0.113,1.34,17.324,1.714,-69.425,-1.038,62.7194733648,63.68318151
2012-11-02,CLX,1.338,0.133,0.4,0.667,-238.35,0.099,1.02,17.52,1.733,-476.538,-0.154,63.91065269,70.327078814
2013-02-05,CLX,1.325,0.123,-0.222,0.445,79.393,0.093,0.94,18.64,1.869,187.065,0.428,70.5652663614,75.5226759682
2013-05-02,CLX,1.413,0.133,-0.022,0.423,28.757,0.094,1.01,20.075,2.012,74.355,1.155,76.2690177072,75.1489487565
2013-08-23,CLX,1.547,0.183,-0.124,0.299,28.527,0.118,1.39,19.22,1.955,75.301,1.111,75.5072701238,81.4351574157
2013-11-01,CLX,1.364,0.136,0.024,0.323,52.099,0.1,1.04,20.111,2.047,142.762,0.623,80.9114586542,78.1093858239
2014-02-05,CLX,1.33,0.115,0.018,0.341,27.128,0.086,0.89,19.375,1.943,70.42,1.202,76.9715611848,82.0190513901
2014-05-02,CLX,1.386,0.137,0.023,0.364,81.528,0.099,1.05,20.173,2.047,217.337,0.41,82.1841904198,82.5109474749
2014-08-25,CLX,1.511,0.17,-0.035,0.329,26.649,0.113,1.32,20.564,2.052,74.513,1.194,82.372211435,92.7205331697
2014-11-03,CLX,1.352,0.09,0.026,0.355,23.556,0.067,0.7,25.231,2.316,76.439,1.307,93.0280485059,102.840573845
2015-02-05,CLX,1.345,0.125,0.464,0.819,15.633,0.093,0.96,27.153,2.534,50.44,2.152,101.3769182,100.311494611
2015-05-04,CLX,1.401,0.174,-0.441,0.378,13.0,0.124,1.31,24.994,2.491,46.264,2.291,100.613779932,110.074906877
2015-08-21,CLX,1.557,0.191,0.004,0.382,34.288,0.123,1.47,25.279,2.593,124.25,0.911,108.410275983,116.723318114
2015-11-02,CLX,1.39,0.172,0.001,0.383,33.412,0.124,1.33,24.512,2.85,136.359,0.921,120.322462579,126.254595535
2016-02-04,CLX,1.345,0.149,0.007,0.39,20.086,0.111,1.15,23.532,2.836,81.531,1.528,120.109929126,123.021229694
2016-05-03,CLX,1.426,0.162,0.024,0.414,15.541,0.114,1.25,24.838,2.928,64.635,1.997,125.414601128,128.899693535
2016-08-16,CLX,1.6,0.165,-0.013,0.401,14.212,0.103,1.28,26.19,2.946,57.141,2.293,127.768994468,117.256998145
2016-11-02,CLX,1.443,0.179,0.007,0.408,14.453,0.124,1.39,22.736,2.561,51.529,2.233,113.508385434,118.773101208
2017-02-03,CLX,1.406,0.149,0.006,0.414,15.919,0.106,1.16,24.506,2.732,59.449,2.101,123.613322398,129.264094173
2017-05-03,CLX,1.477,0.172,0.017,0.431,10.458,0.116,1.34,25.411,2.852,41.828,3.138,130.367047086,134.49
