datekey,ticker,revenue,netinc,ncf,cashneq,de,netmargin,eps,pe,ps,pb,bvps,P0,P1
2002-03-28,CME,,,,0.069101,7.263,,,,,,1.74,5.73278858017,5.73278858017
2002-05-08,CME,0.101092,0.017109,-0.003199,0.065902,6.706,0.169,0.12,,,,1.885,5.73278858017,5.73278858017
2002-08-13,CME,0.107532,0.021702,-0.017796,0.048106,10.186,0.202,0.15,,,,1.921,5.73278858017,5.73278858017
2002-09-26,CME,0.107532,0.018942,-0.017796,0.048106,10.256,0.176,0.13,,,,1.908,5.73278858017,5.73278858017
2002-10-29,CME,0.125165,0.019354,0.149058,0.197164,8.56,0.155,0.13,,,,2.079,5.73278858017,7.42497916471
2003-05-09,CME,0.126016,0.026121,0.017694,0.356954,4.096,0.207,0.16,18.124,3.799,3.878,2.879,7.47056408555,10.0852944843
2003-08-11,CME,0.142391,0.035013,0.035883,0.392835,6.208,0.246,0.21,21.69,4.801,4.876,3.096,10.0987325849,9.06677361445
2003-10-31,CME,0.13501,0.031397,-0.001303,0.391534,6.067,0.233,0.19,17.786,4.272,4.159,3.281,9.14890506537,12.9996963959
2004-03-11,CME,0.132624,0.029601,-0.20641,0.185124,7.655,0.223,0.18,25.459,5.801,5.523,3.426,12.7627227637,16.4256580502
2004-05-05,CME,0.166372,0.04606,0.002862,0.187986,7.263,0.277,0.28,28.443,7.011,6.701,3.662,16.5664880945,16.4531235665
2004-08-06,CME,0.187001,0.057283,0.034358,0.222344,4.39,0.306,0.34,26.854,7.107,6.372,4.166,17.6241788768,25.4741069283
2004-11-09,CME,0.192389,0.059428,0.060435,0.282779,4.73,0.309,0.35,33.852,9.6,8.687,4.418,25.9798098888,26.1668398105
2005-03-10,CME,0.188027,0.056784,0.074783,0.357562,2.516,0.302,0.33,30.839,9.227,8.332,4.772,26.9990490015,26.9908633374
2005-05-05,CME,0.21419,0.070885,0.073057,0.430619,2.742,0.331,0.41,27.743,8.674,7.723,5.139,27.0017775563,41.6986377925
2005-08-04,CME,0.239121,0.082226,0.068349,0.498968,2.538,0.344,0.48,38.51,12.44,10.799,5.608,41.2530431447,51.1987260136
2005-11-04,CME,0.234311,0.077466,0.086697,0.585665,1.839,0.331,0.45,45.818,15.036,12.671,6.046,52.2801964294,59.5254544776
2006-03-06,CME,0.232896,0.07628,0.025226,0.610891,2.548,0.328,0.44,48.276,16.093,13.242,6.49,58.6947711059,66.719152129
2006-05-08,CME,0.263376,0.091413,0.104791,0.715682,2.643,0.347,0.53,51.165,17.274,13.899,6.97,66.375946614,66.775106535
2006-08-07,CME,0.295307,0.109533,0.066463,0.782145,1.632,0.371,0.63,47.705,16.494,12.898,7.574,66.9235812016,68.9802728231
2006-11-06,CME,0.274705,0.1038,0.086479,0.868624,1.46,0.378,0.6,46.767,16.712,12.539,8.179,70.4657476135,74.311919096
2007-03-01,CME,0.281316,0.102602,0.10088,0.969504,1.835,0.365,0.59,46.642,17.432,12.507,8.727,75.1499353588,70.1188928633
2007-05-08,CME,0.332331,0.130028,0.170289,1.139793,2.006,0.391,0.75,39.797,14.994,10.917,9.33,70.2293271862,76.8707827183
2007-08-03,CME,0.329009,0.125875,0.035154,1.174947,2.047,0.383,0.72,66.09,25.098,17.552,9.981,77.1362453299,91.3936581333
2007-11-08,CME,0.565222,0.201572,-0.497913,0.677034,0.622,0.357,0.78,62.961,23.386,2.912,46.809,91.7121511844,73.0273129574
2008-02-28,CME,0.529539,0.201058,0.168278,0.845312,0.65,0.38,0.75,41.882,15.706,2.241,56.249,71.7212731487,64.6612678556
2008-05-09,CME,0.62511,0.283548,0.221044,1.066356,0.46,0.454,1.06,30.991,12.283,1.91,49.029,64.1512814956,47.767361279
2008-08-07,CME,0.563188,0.201182,0.001288,1.067644,0.393,0.357,0.74,20.195,7.849,1.345,48.911,45.7826875574,38.128764969
2008-11-10,CME,0.680952,0.168691,-0.485223,0.582421,1.063,0.248,0.56,19.043,6.783,0.855,63.567,34.4271357514,25.982178505
2009-03-02,CME,0.691769,0.062065,-0.284526,0.297895,1.577,0.09,0.1,16.068,4.489,0.615,55.962,24.6844940413,33.6815410837
2009-05-08,CME,0.6471,0.1991,0.0413,0.3392,1.123,0.308,0.6,26.116,6.38,0.877,56.707,35.5994838836,40.1375245909
2009-08-06,CME,0.6478,0.2218,0.1095,0.4487,1.03,0.342,0.67,27.841,6.801,0.956,57.234,39.2874214862,44.2314896989
2009-11-06,CME,0.6504,0.2023,-0.2446,0.2041,0.909,0.311,0.61,29.764,7.735,1.066,57.635,44.2907134695,42.8294028875
2010-02-26,CME,0.6675,0.2026,0.0565,0.2606,0.847,0.304,0.61,24.347,7.695,1.042,58.094,43.7354540926,46.7624386164
2010-05-07,CME,0.6932,0.2402,0.1836,0.4442,0.831,0.347,0.73,23.883,7.787,1.079,57.945,45.8603348813,40.1451107031
2010-08-06,CME,0.8139,0.2707,-0.0806,0.3636,0.764,0.333,0.83,19.924,6.459,0.941,59.112,39.6499608931,43.5893458954
2010-11-05,CME,0.7334,0.2443,0.2046,0.5682,0.689,0.333,0.73,20.642,6.799,0.993,59.802,43.2827299392,46.1644124164
2011-02-28,CME,0.7632,0.1962,0.287,0.8552,0.744,0.257,0.59,21.938,6.949,1.04,60.041,45.8301970881,43.6350932008
2011-05-10,CME,0.8316,0.4566,-0.1905,0.6647,0.666,0.549,1.37,17.158,6.377,0.964,62.185,44.1941951034,39.4865124185
2011-08-05,CME,0.8383,0.2937,0.0289,0.6936,0.699,0.35,0.88,15.128,5.689,0.862,62.621,40.0529203561,41.6864915834
2011-11-09,CME,0.8742,0.3161,0.1357,0.8293,0.861,0.362,0.95,13.976,5.335,0.846,62.789,39.7212755357,43.5600698455
2012-02-28,CME,0.7365,0.7459,0.213,1.0423,0.888,1.013,2.25,10.661,5.89,0.896,65.193,43.7133974431,39.112426634
2012-05-08,CME,0.7746,0.2666,0.0194,1.0617,0.82,0.344,0.81,10.525,5.297,0.792,65.139,39.3529158242,40.9743284552
2012-08-08,CME,0.7959,0.2449,0.2315,1.2932,0.752,0.308,0.74,11.189,5.535,0.814,65.302,40.8893835602,43.2560770354
2012-11-08,CME,0.6832,0.218,0.7237,2.0169,0.832,0.319,0.66,12.367,6.102,0.84,65.511,42.6012185454,48.0149845419
2013-03-01,CME,0.6609,0.1668,-0.4122,1.6047,0.81,0.252,0.51,22.301,6.858,0.933,64.567,48.2161534062,49.019941268
2013-05-08,CME,0.7186,0.2358,0.2387,1.8434,0.964,0.328,0.71,23.417,7.09,0.94,64.918,49.1982545464,58.6402074792
2013-08-08,CME,0.8161,0.3112,0.1246,1.968,1.146,0.381,0.94,25.91,8.386,1.105,65.742,58.9175818607,58.9175818607
2013-08-09,CME,0.8161,0.3112,0.1246,1.968,1.146,0.381,0.94,25.888,8.379,1.104,65.742,58.8686334405,61.2865669108
2013-11-08,CME,0.7146,0.2367,0.097,2.065,1.229,0.331,0.71,27.453,8.966,1.188,66.03,63.8723248236,62.9177608088
2014-03-03,CME,0.687,0.1931,0.4047,2.4697,1.565,0.281,0.58,25.469,8.473,1.176,63.405,63.1649316383,58.7838119188
2014-05-07,CME,0.7774,0.2668,-1.416,1.0537,1.495,0.343,0.8,23.443,7.888,1.109,63.804,60.3359446624,64.0399248768
2014-08-04,CME,0.7316,0.2638,-0.0164,1.0373,1.404,0.361,0.79,25.95,8.563,1.161,64.249,64.0312918322,72.8013794116
2014-11-03,CME,0.7624,0.29,0.0506,1.0879,1.97,0.38,0.87,28.175,9.654,1.326,64.401,73.6526543409,86.1549352444
2015-02-26,CME,0.8411,0.3065,0.2782,1.3661,2.453,0.364,0.91,28.739,10.407,1.548,62.42,85.699750152,81.5641415732
2015-05-06,CME,0.8427,0.3304,0.3287,1.6948,2.656,0.392,0.98,25.599,9.592,1.445,62.844,81.0168516561,87.2057008807
2015-08-05,CME,0.82,0.265,-0.5438,1.151,2.465,0.323,0.79,27.74,10.123,1.555,63.263,88.2879931659,86.595683495
2015-11-06,CME,0.8503,0.3599,0.2833,1.4343,2.787,0.423,1.07,25.945,9.761,1.531,63.56,87.7562161604,87.6308092509
2016-02-26,CME,0.8138,0.2917,0.2583,1.6926,2.278,0.358,0.87,25.285,9.478,1.534,61.012,87.6120023383,87.8537101741
2016-05-04,CME,0.9342,0.3678,-0.5466,1.146,2.3,0.394,1.09,24.341,9.146,1.5,61.841,87.3710494805,98.3488025423
2016-08-04,CME,0.9064,0.3201,0.0151,1.1611,2.209,0.353,0.95,26.147,9.993,1.662,62.48,98.4345137094,98.6522711997
2016-11-04,CME,0.8417,0.4728,0.2594,1.4205,1.974,0.562,1.4,24.031,9.983,1.641,62.99,98.4990398301,121.2961822
2017-02-27,CME,0.9129,0.3734,0.4481,1.8686,2.41,0.409,1.11,27.195,11.604,2.051,60.164,121.503915019,117.381213459
2017-05-04,CME,0.9293,0.3998,-0.5808,1.2878,2.672,0.43,1.18,25.741,11.228,1.961,60.75,117.987860415,6.10703865931
2003-03-21,CME,0.119388,0.033049,0.142096,0.33926,6.52,0.277,0.22,16.323,3.388,3.442,2.987,6.31485226901,123.79
2017-08-02,CME,0.9246,0.4158,0.0745,1.3623,2.78,0.45,1.23,25.396,11.696,2.031,61.369,124.16,125.83
