datekey,ticker,revenue,netinc,ncf,cashneq,de,netmargin,eps,pe,ps,pb,bvps,P0,P1
2001-08-13,COP,4.965,0.618,-0.056,0.087,1.851,0.124,1.21,6.474,0.706,2.091,13.784,10.0795198061,9.96729133222
2001-11-14,COP,6.159,0.364,0.112,0.199,1.406,0.059,0.66,9.191,0.933,1.412,25.955,9.41316324267,11.2859758997
2002-03-20,COP,9.964,0.162,-0.057,0.142,1.411,0.016,-0.02,14.495,0.896,1.679,24.474,11.1737474259,10.8721334025
2002-05-14,COP,9.398,-0.102,0.028,0.17,1.482,-0.011,-0.14,22.403,0.766,1.654,18.454,10.8791476821,9.30794904846
2002-08-12,COP,11.614,0.351,-0.025,0.145,1.523,0.03,0.46,25.586,0.534,1.372,18.827,9.29392048923,8.44519265587
2002-11-14,COP,15.678,-0.116,0.372,0.517,1.55,-0.007,-0.12,110.679,0.7,1.089,31.195,8.73979239968,9.50434887766
2003-03-26,COP,20.711,-0.428,-0.21,0.307,1.569,-0.021,-0.46,-118.181,0.609,1.181,30.614,9.4762917592,9.46226319997
2003-05-13,COP,27.077,1.437,0.116,0.423,1.558,0.053,1.05,28.399,0.471,1.142,22.754,9.58150595342,9.56046311458
2003-05-21,COP,27.077,1.437,0.116,0.423,1.558,0.053,1.05,28.999,0.48,1.167,22.754,9.78492006224,10.1075769245
2003-08-13,COP,25.595,1.138,0.101,0.524,1.487,0.044,0.83,18.238,0.416,1.156,23.552,10.1075769245,10.626633616
2003-11-12,COP,26.493,1.306,-0.041,0.483,1.462,0.049,0.96,11.25,0.389,1.178,24.214,10.6687192937,13.2780313103
2004-03-02,COP,25.962,1.04,0.007,0.49,1.375,0.04,0.77,10.048,0.453,1.384,25.206,13.0816314811,14.0145306698
2004-05-07,COP,30.217,1.616,0.169,0.659,1.331,0.053,1.18,9.836,0.463,1.4,26.125,13.7550023241,14.5967158778
2004-08-05,COP,31.886,2.075,0.145,0.804,1.234,0.065,1.5,8.659,0.456,1.382,27.422,14.4424017263,16.3643143407
2004-11-04,COP,34.741,2.006,2.459,3.263,1.207,0.058,1.45,8.949,0.491,1.516,28.741,16.7150283214,21.1901387154
2005-02-25,COP,40.072,2.432,-1.876,1.387,1.148,0.061,1.75,9.614,0.571,1.829,30.714,21.6039812127,20.0117397402
2005-05-05,COP,38.918,2.912,1.034,2.421,1.126,0.075,2.08,7.756,0.502,1.623,32.214,20.2011252898,25.0409782238
2005-08-03,COP,42.614,3.138,-0.88,1.541,1.035,0.074,2.25,8.481,0.569,1.88,33.865,24.8515926742,25.8546346591
2005-11-02,COP,49.659,3.8,1.262,2.803,1.07,0.077,2.73,7.537,0.54,1.857,35.753,26.0720773271,24.6692214042
2006-02-27,COP,52.173,3.679,-0.589,2.214,1.006,0.071,2.66,6.306,0.465,1.618,38.074,24.3395502624,26.5490483409
2006-05-04,COP,47.927,3.291,0.794,3.008,1.194,0.069,2.38,7.898,0.571,1.522,52.203,26.1702772417,27.4468761316
2006-08-03,COP,48.476,5.186,-2.354,0.654,1.076,0.107,3.13,7.103,0.572,1.465,46.76,27.348676217,23.8766078078
2006-11-02,COP,49.585,3.876,0.042,0.696,1.019,0.078,2.35,6.129,0.496,1.221,48.696,23.8766078078,26.9067766013
2007-02-23,COP,42.535,3.197,0.121,0.817,0.979,0.075,1.9,7.105,0.586,1.337,50.068,27.0400479139,27.930861425
2007-05-03,COP,42.867,3.546,0.043,0.86,1.029,0.083,2.15,7.238,0.624,1.349,51.466,28.1623326523,32.8759285532
2007-08-01,COP,49.397,0.301,0.551,1.411,0.998,0.006,0.18,12.033,0.713,1.547,51.917,32.8408571551,34.7206840918
2007-11-01,COP,47.933,3.673,-0.032,1.379,0.981,0.077,2.26,12.419,0.728,1.531,53.581,34.0052275711,32.8057857571
2008-02-22,COP,54.298,4.371,0.077,1.456,0.984,0.081,2.72,10.586,0.647,1.415,55.943,33.1354568989,35.1204980299
2008-04-30,COP,56.552,4.139,-0.033,1.423,1.033,0.073,2.65,10.644,0.638,1.483,57.339,35.4150977737,33.352899567
2008-07-30,COP,73.353,5.439,-0.636,0.787,1.046,0.074,3.54,7.303,0.554,1.393,60.195,35.1836265464,20.8394247347
2008-10-29,COP,71.373,5.188,0.329,1.116,0.976,0.073,3.43,3.907,0.293,0.805,61.471,21.0358245639,16.6448855252
2009-02-25,COP,44.904,-31.764,-0.361,0.755,1.57,-0.707,-20.77,-3.343,0.231,1.03,37.125,16.2801429853,17.2621421313
2009-04-29,COP,31.28,0.84,0.047,0.802,1.58,0.027,0.57,-3.03,0.278,1.116,37.079,17.6058418324,19.4856687691
2009-08-04,COP,36.63,1.298,0.086,0.888,1.528,0.035,0.87,-2.722,0.361,1.129,39.643,19.4225402526,21.8564952788
2009-11-03,COP,41.305,1.503,-0.247,0.641,1.469,0.036,1.0,-2.677,0.489,1.224,41.328,22.1931807003,21.3584814262
2010-02-25,COP,43.625,1.217,-0.099,0.542,1.433,0.028,0.82,14.783,0.47,1.15,41.929,21.3374385873,26.3736913506
2010-05-04,COP,45.762,2.098,0.313,0.855,1.454,0.046,1.41,14.117,0.516,1.374,42.092,25.6301777114,25.8897060572
2010-08-05,COP,50.127,4.164,3.265,4.12,1.308,0.083,2.79,9.529,0.473,1.309,43.879,26.0159630902,26.8226052459
2010-11-02,COP,49.549,3.055,3.876,7.996,1.231,0.062,2.06,8.276,0.461,1.257,46.817,26.9979622362,35.1625837075
2011-02-23,COP,53.217,2.041,1.458,9.454,1.272,0.038,1.42,9.89,0.565,1.638,47.178,36.0674257778,35.5623976456
2011-05-03,COP,58.247,3.028,-3.282,6.172,1.274,0.052,2.11,8.573,0.499,1.506,48.853,34.20864168,33.6404850312
2011-08-02,COP,66.961,3.402,-0.667,5.505,1.277,0.051,2.43,8.414,0.425,1.384,50.061,33.0091998659,32.8689142736
2011-11-01,COP,63.629,2.616,-2.068,3.437,1.343,0.041,1.93,8.134,0.373,1.37,48.468,32.0552578383,34.9311124803
2012-02-21,COP,62.389,3.39,2.343,5.78,1.341,0.054,2.56,7.597,0.376,1.449,49.733,35.1555694279,34.2787844761
2012-04-30,COP,58.354,2.937,-2.073,9.757,1.44,0.05,2.29,7.337,0.36,1.361,51.838,34.1104417654,45.6878428798
2012-07-31,COP,15.166,2.267,-2.663,6.044,1.47,0.149,1.82,5.898,0.331,1.438,36.827,45.3380635504,48.2844756425
2012-10-30,COP,15.089,1.798,0.224,3.736,1.424,0.119,1.47,6.694,0.461,1.467,38.843,48.7394331865,48.5875653885
2013-02-19,COP,15.279,1.426,2.35,4.366,1.432,0.093,1.17,8.49,1.154,1.491,39.228,49.9339062043,51.0416549767
2013-04-30,COP,14.651,2.139,1.804,5.422,1.404,0.146,1.74,9.687,1.228,1.514,39.702,51.5103179189,57.5100000019
2013-08-02,COP,14.142,2.05,-1.513,3.909,1.402,0.145,1.66,11.092,1.39,1.695,39.445,58.5020018176,64.4295099077
2013-11-05,COP,15.47,2.48,-0.026,3.883,1.335,0.16,2.01,10.983,1.493,1.739,41.52,63.7617555435,58.9804881433
2014-02-25,COP,13.985,2.487,2.363,6.246,1.259,0.178,2.02,8.908,1.4,1.566,42.22,59.0692874329,68.277773763
2014-05-06,COP,16.048,2.123,1.274,7.52,1.248,0.132,1.72,10.354,1.587,1.778,43.096,68.4464924132,74.070370749
2014-08-05,COP,14.701,2.081,-1.378,6.142,1.192,0.142,1.68,10.691,1.629,1.772,44.751,72.0464913824,64.403643303
2014-11-04,COP,12.917,2.704,-0.734,5.408,1.146,0.209,2.18,9.01,1.468,1.531,44.639,62.7698207192,61.7365726415
2015-02-24,COP,11.851,-0.039,-0.346,5.062,1.238,-0.003,-0.04,12.028,1.488,1.592,41.863,61.893404939,61.8288269342
2015-05-05,COP,8.002,0.272,-2.398,2.664,1.255,0.034,0.22,16.511,1.745,1.703,39.21,61.9948846609,47.0114546745
2015-08-04,COP,8.66,-0.179,1.149,3.813,1.296,-0.021,-0.15,22.303,1.485,1.265,39.177,47.1627689522,52.6536940254
2015-11-03,COP,7.507,-1.071,-1.4,2.413,1.389,-0.143,-0.87,-68.87,1.945,1.584,35.592,54.3692038963,33.2752884876
2016-02-23,COP,6.766,-3.45,-0.045,2.368,1.444,-0.51,-2.78,-9.191,1.316,1.023,31.97,31.7974600003,45.2524605411
2016-05-03,COP,5.015,-1.469,2.498,4.866,1.546,-0.293,-1.18,-9.05,1.998,1.428,31.408,43.5428158206,38.7144361416
2016-08-02,COP,5.575,-1.071,-2.003,2.863,1.551,-0.192,-0.86,-6.979,1.982,1.313,30.158,38.8903664245,42.7194993506
2016-11-01,COP,6.516,-1.04,1.227,4.09,1.599,-0.16,-0.84,-7.674,2.26,1.491,29.03,42.8079862307,46.958119149
2017-02-21,COP,7.254,-0.035,-0.48,3.61,1.56,-0.005,-0.03,-16.454,2.442,1.701,28.061,47.5709171678,46.5331140715
2017-05-04,COP,7.771,0.586,-0.501,3.109,1.481,0.075,0.47,-36.415,2.095,1.607,28.435,45.386588746,45.37
2017-08-01,COP,8.882,-3.44,4.425,7.534,1.569,-0.387,-2.78,-13.861,1.79,1.798,24.487,44.75,45.56
