datekey,ticker,revenue,netinc,ncf,cashneq,de,netmargin,eps,pe,ps,pb,bvps,P0,P1
2001-07-19,DHR,0.956641,0.09423,0.00608,0.67531,1.18,0.099,0.16,23.481,2.054,3.857,3.679,10.3703930048,10.0840577099
2001-10-18,DHR,0.901588,0.087746,-0.028844,0.646466,1.14,0.097,0.15,22.806,2.062,3.647,3.83,10.2204024599,12.8970464236
2002-03-28,DHR,0.918932,0.033112,0.060093,0.706559,1.163,0.036,0.06,36.003,2.833,4.809,3.875,12.918874993,13.4700463705
2002-04-18,DHR,1.004207,-0.091015,-0.135107,0.571452,1.076,-0.091,0.14,88.997,2.92,4.218,4.508,13.3045130525,11.0541998408
2002-07-18,DHR,1.146326,0.103665,0.133623,0.705075,1.062,0.09,0.17,68.207,2.293,3.326,4.525,10.957759908,10.1489058013
2002-10-17,DHR,1.151721,0.116029,0.098103,0.803178,1.044,0.101,0.19,52.527,2.013,2.947,4.748,10.1507262328,11.9236875835
2003-03-28,DHR,1.274978,0.161712,0.007285,0.810463,1.003,0.127,-0.02,34.311,2.177,3.311,4.931,11.8872515634,12.1259074952
2003-04-17,DHR,1.196215,0.103126,0.10117,0.911633,1.017,0.086,0.17,21.946,2.23,3.409,5.101,12.676091399,12.066555073
2003-07-17,DHR,1.299432,0.125144,0.156477,1.06811,0.974,0.096,0.2,20.497,2.107,3.167,5.344,12.3417476143,14.6375571193
2003-10-16,DHR,1.309451,0.138618,0.036617,1.104727,0.905,0.106,0.23,23.338,2.428,3.565,5.634,14.6466725491,16.2408367691
2004-03-10,DHR,1.488778,0.169946,0.125429,1.230156,0.889,0.114,0.28,25.225,2.558,3.713,5.921,16.0457133092,17.0735643757
2004-04-22,DHR,1.543191,0.145244,-0.58767,0.642486,0.926,0.094,0.23,25.009,2.567,3.828,6.132,17.1520006223,17.8194147748
2004-07-22,DHR,1.621245,0.182233,-0.339201,0.303285,0.929,0.112,0.29,24.432,2.606,3.901,6.449,18.3960003849,19.8505916572
2004-10-21,DHR,1.745285,0.200793,0.228325,0.53161,0.893,0.115,0.33,24.138,2.634,4.027,6.769,19.9345496579,20.421712345
2005-03-07,DHR,1.97958,0.21773,0.077505,0.609115,0.839,0.11,0.35,23.128,2.504,3.735,7.463,20.3742454649,18.2250292508
2005-04-21,DHR,1.825948,0.188256,0.063957,0.673072,0.82,0.103,0.3,19.782,2.176,3.294,7.646,18.4368632581,19.3808781932
2005-07-21,DHR,1.928627,0.22902,0.135583,0.808655,0.805,0.119,0.37,20.344,2.273,3.541,7.753,20.1298093958,19.1652809476
2005-10-20,DHR,1.966375,0.228821,-0.533034,0.275621,0.807,0.116,0.37,17.63,1.978,3.049,8.066,18.0652142876,22.8757451275
2006-03-15,DHR,2.263754,0.251703,0.03993,0.315551,0.804,0.111,0.41,21.376,2.404,3.778,8.287,22.9598336904,24.7260963125
2006-04-20,DHR,2.143661,0.215719,-0.054728,0.260823,0.741,0.101,0.35,21.866,2.437,3.764,8.758,24.1482641549,22.9157610317
2006-07-20,DHR,2.349764,0.314522,0.02391,0.284733,1.033,0.134,0.51,19.306,2.237,3.33,9.517,23.2303771634,25.7951101457
2006-10-19,DHR,2.442723,0.268071,-0.020781,0.263952,0.954,0.11,0.43,20.552,2.346,3.508,9.975,25.6560529481,26.2413854579
2007-03-01,DHR,2.660256,0.323717,0.053858,0.31781,0.936,0.122,0.53,19.645,2.297,3.317,10.755,26.1022903753,26.347684339
2007-04-19,DHR,2.55604,0.254804,-0.120246,0.197564,0.857,0.1,0.41,18.976,2.201,3.127,11.378,26.0913839077,29.2117098395
2007-07-19,DHR,2.671212,0.311154,-0.023419,0.174145,0.793,0.116,0.51,20.925,2.345,3.303,11.849,28.7941380624,29.8268734391
2007-10-18,DHR,2.731151,0.483721,0.035136,0.209281,0.71,0.177,0.78,18.659,2.413,3.182,12.976,30.2519247068,27.6744414917
2008-02-21,DHR,3.141177,0.320225,0.029827,0.239108,0.923,0.102,0.51,17.347,2.155,2.616,14.402,27.3665404208,28.1912270146
2008-04-17,DHR,3.028874,0.276505,-0.005289,0.233819,0.865,0.091,0.43,16.97,2.041,2.466,15.016,27.1938266832,27.956052322
2008-07-17,DHR,3.283895,0.363448,0.050281,0.2841,0.786,0.111,0.57,17.87,2.118,2.561,15.779,29.6764812078,19.8207167956
2008-10-16,DHR,3.208181,0.371992,0.002419,0.286519,0.732,0.116,0.58,13.98,1.471,1.831,15.9,21.3840616123,19.3103079968
2009-02-25,DHR,3.176506,0.305686,0.106335,0.392854,0.783,0.096,0.48,12.561,1.303,1.687,15.349,19.0679652837,20.2208220759
2009-04-23,DHR,2.627744,0.237712,0.583091,0.975945,0.767,0.09,0.37,14.466,1.505,1.849,15.662,21.322974442,23.5536927941
2009-07-23,DHR,2.673609,0.295694,0.282466,1.258411,0.728,0.111,0.47,15.994,1.658,1.827,16.571,22.267208325,25.9506868654
2009-10-22,DHR,2.750693,0.351363,0.37782,1.636231,0.709,0.128,0.55,19.194,2.035,2.038,17.457,26.1566155128,27.4618309442
2010-02-24,DHR,3.132892,0.266935,0.085689,1.72192,0.685,0.085,0.41,20.931,2.155,2.073,17.756,27.4176800906,29.9904521694
2010-04-22,DHR,3.09222,0.300233,-0.915552,0.806368,0.677,0.097,0.47,22.563,2.352,2.311,18.265,31.0653523822,27.8436742623
2010-07-22,DHR,3.310921,0.372476,0.426568,1.232936,0.665,0.112,0.57,18.937,1.99,2.027,18.48,27.593228515,30.6504842201
2010-10-21,DHR,3.190193,0.646435,0.402105,1.635041,0.632,0.203,0.99,17.882,2.229,2.153,20.122,31.9622866224,36.5617241774
2011-02-24,DHR,3.609268,0.473856,-0.002061,1.63298,0.616,0.131,0.72,18.294,2.484,2.392,20.876,36.6870618082,39.5040708623
2011-04-21,DHR,3.345702,0.429358,-0.039421,1.593559,0.567,0.128,0.65,18.373,2.624,2.409,22.157,39.2237955276,37.1874303432
2011-07-27,DHR,3.711674,0.648764,-1.041976,0.551583,0.907,0.175,0.97,15.352,2.436,2.047,24.714,36.3241507102,32.5432602115
2011-10-20,DHR,4.518089,0.523428,-0.067215,0.484368,0.852,0.116,0.76,14.978,2.047,1.884,24.004,33.4365756574,39.5041350269
2012-02-24,DHR,4.515075,0.570714,0.052633,0.537001,0.768,0.126,0.83,16.919,2.284,2.174,24.549,39.3859476372,40.4163669681
2012-04-19,DHR,4.31622,0.612912,0.506282,1.043283,0.703,0.142,0.89,15.585,2.152,2.06,25.775,39.1674428471,38.5287369259
2012-07-19,DHR,4.553459,0.600149,0.074957,1.11824,0.7,0.132,0.86,15.407,1.986,1.942,26.312,37.7967574679,41.4976796916
2012-10-18,DHR,4.415543,0.548735,0.423095,1.541335,0.669,0.124,0.79,15.873,2.08,1.96,27.166,39.5374506152,45.1354876557
2013-02-22,DHR,4.975178,0.630404,0.137366,1.6787,0.729,0.127,0.91,17.734,2.323,2.231,27.508,45.4833099085,44.228301382
2013-04-18,DHR,4.4447,0.6919,0.472,2.1507,0.646,0.156,1.0,16.272,2.187,2.043,28.441,42.9771157554,50.6670927695
2013-07-18,DHR,4.7375,0.6168,0.1742,2.3249,0.628,0.13,0.89,18.942,2.537,2.322,29.195,50.1782712342,51.2335722305
2013-10-17,DHR,4.6691,0.597,-0.3293,1.9956,0.58,0.128,0.86,19.879,2.678,2.366,30.535,53.5748316412,56.408597744
2014-02-21,DHR,5.2667,0.7893,1.1196,3.1152,0.546,0.15,1.13,19.736,2.782,2.376,32.025,56.4382435712,54.1773855427
2014-04-16,DHR,4.6627,0.5797,0.2313,3.3465,0.523,0.124,0.83,19.948,2.664,2.244,32.798,54.6597869208,58.3325346437
2014-07-17,DHR,4.9636,0.6764,-0.0254,3.3211,0.5,0.136,0.96,19.641,2.653,2.188,33.828,55.0406476568,53.5564023943
2014-10-16,DHR,4.8703,0.6806,0.7042,4.0253,0.494,0.14,0.97,19.124,2.638,2.196,33.79,55.2007431736,64.83611662
2015-02-25,DHR,5.4172,0.6617,-1.0197,3.0056,0.579,0.122,0.94,23.691,3.091,2.633,33.165,64.9701986627,63.6043797022
2015-04-23,DHR,4.8733,0.5698,-0.4946,2.511,0.544,0.117,0.81,23.149,2.977,2.569,32.977,63.1865679411,65.6552805353
2015-07-23,DHR,5.1271,0.6956,0.831,3.342,0.532,0.136,0.98,23.34,3.0,2.525,33.969,66.5445337089,66.8074640154
2015-10-22,DHR,5.0234,1.4033,-1.5085,1.8335,1.148,0.279,2.04,19.338,3.151,2.786,33.57,70.4506897236,65.5542888214
2016-02-24,DHR,5.8848,0.6886,-1.0427,0.7908,1.032,0.117,1.01,17.847,2.914,2.529,34.469,65.4642004721,71.3799894211
2016-04-21,DHR,5.3872,0.7584,-0.1265,0.6643,0.972,0.141,1.1,18.643,3.086,2.698,35.586,72.1846311055,80.7142442297
2016-07-25,DHR,5.785,0.6567,3.4333,4.0976,1.053,0.114,0.95,16.006,2.542,2.241,36.25,80.7639206479,76.7841035587
2016-10-20,DHR,4.1321,0.3916,-3.1262,0.9714,0.778,0.095,0.57,22.226,2.617,2.391,33.504,79.7893911786,84.4720585112
2017-02-22,DHR,4.5843,0.747,-0.0077,0.9637,0.966,0.163,1.07,23.022,3.482,2.556,33.193,84.5218945339,86.2973933538
2017-04-20,DHR,4.2057,0.5061,-0.1598,0.8039,0.902,0.12,0.73,25.0,3.076,2.419,34.259,82.7532500589,85.79
2017-07-20,DHR,4.5101,0.5573,-0.0775,0.7264,0.856,0.124,0.8,26.248,3.316,2.35,35.361,83.2,81.01
