datekey,ticker,revenue,netinc,ncf,cashneq,de,netmargin,eps,pe,ps,pb,bvps,P0,P1
2001-08-14,DIS,5.975,0.392,,2.448,0.954,0.066,0.19,,,2.415,11.071,21.5574354396,17.9788438992
2001-12-10,DIS,5.812,0.053,-1.83,0.618,0.927,0.009,0.03,-1075.492,1.745,1.945,10.724,17.4062692527,19.2003364783
2002-02-14,DIS,7.048,0.438,0.227,0.845,1.217,0.062,0.21,,,2.172,11.008,19.5057096231,19.6297674632
2002-05-15,DIS,5.904,0.259,1.024,1.869,1.192,0.044,0.13,43.777,2.021,2.171,11.137,19.7156536601,15.3259147039
2002-06-28,DIS,5.904,0.259,1.024,1.869,1.192,0.044,0.13,33.771,1.559,1.675,11.137,15.2018568638,11.6614369665
2002-08-09,DIS,5.795,0.364,0.327,2.196,1.155,0.063,0.18,26.84,1.217,1.283,11.263,11.7854948065,14.9155695406
2002-12-04,DIS,6.662,0.175,-0.957,1.239,1.135,0.026,0.09,29.211,1.425,1.54,11.334,14.2284799648,14.218937054
2003-02-04,DIS,7.466,0.256,0.141,1.38,1.185,0.034,0.13,32.748,1.336,1.482,11.246,13.7704202476,14.9060266298
2003-05-15,DIS,6.332,0.229,0.372,1.752,1.159,0.036,0.11,36.834,1.437,1.604,11.354,15.0396273806,18.3319315978
2003-08-14,DIS,6.175,0.4,-0.382,1.37,1.09,0.065,0.2,43.506,1.731,1.927,11.552,18.3796461517,18.6277618318
2003-12-12,DIS,7.088,0.382,0.213,1.583,1.101,0.054,0.19,36.839,1.725,1.962,11.484,18.7613625827,19.8015398571
2004-02-11,DIS,8.549,0.688,-0.121,1.462,1.144,0.08,0.34,33.263,2.008,2.351,11.59,22.6930418218,18.9140491551
2004-05-13,DIS,7.189,0.537,1.412,3.148,1.225,0.075,0.26,23.825,1.649,1.931,11.923,19.1621648352,18.0456442746
2004-08-10,DIS,7.471,0.604,-0.125,3.023,1.14,0.081,0.29,20.853,1.522,1.809,12.245,18.4559894379,22.9220716804
2004-12-13,DIS,7.543,0.516,-0.981,2.042,1.067,0.068,0.25,24.162,1.842,2.172,12.553,23.0079578774,24.7543105491
2005-02-09,DIS,8.666,0.723,0.124,2.166,1.105,0.083,0.35,25.248,1.947,2.282,12.719,24.3535082966,22.3590399447
2005-05-11,DIS,7.829,0.698,-0.225,1.941,1.042,0.089,0.34,21.425,1.728,2.019,13.009,22.1300100861,21.6910361905
2005-08-10,DIS,7.715,0.851,0.093,2.034,0.992,0.11,0.41,18.364,1.612,1.892,13.137,21.1280044548,21.1757190086
2005-12-07,DIS,7.734,0.261,-0.311,1.723,1.028,0.034,0.14,19.494,1.546,1.884,12.956,21.2997768487,20.9753178824
2006-02-06,DIS,8.854,0.734,0.096,1.819,1.117,0.083,0.37,18.895,1.496,1.896,12.887,20.9276033285,24.124478438
2006-05-09,DIS,8.027,0.733,0.212,2.031,1.066,0.091,0.37,25.174,2.008,2.502,13.301,24.802025103,24.2962508319
2006-08-09,DIS,8.62,1.125,-0.078,1.953,0.824,0.131,0.53,21.121,1.813,1.852,15.492,24.1721929918,27.8652994616
2006-11-22,DIS,8.784,0.782,0.458,2.411,0.886,0.089,0.36,20.225,1.99,2.145,15.043,27.6648983353,29.7738816165
2007-02-07,DIS,9.725,1.701,0.026,2.437,0.876,0.175,0.82,16.742,2.067,2.236,15.57,30.0219972966,30.5086857461
2007-05-08,DIS,8.073,0.931,-0.255,2.182,0.878,0.115,0.45,15.957,2.058,2.282,15.353,30.9285738202,28.7188363403
2007-08-01,DIS,9.045,1.178,1.282,3.464,0.891,0.13,0.57,14.299,1.843,2.081,15.922,29.4411585876,27.4569480768
2007-11-21,DIS,8.93,0.877,0.206,3.67,0.981,0.098,0.44,12.793,1.689,1.95,15.893,27.4134346884,27.1786616891
2008-02-05,DIS,10.452,1.25,-0.256,3.414,1.066,0.12,0.63,13.367,1.551,1.864,15.956,26.4486199673,29.2808300204
2008-05-06,DIS,8.71,1.133,0.446,3.86,1.023,0.13,0.58,14.48,1.73,2.087,16.351,29.6678400897,27.1962530559
2008-07-30,DIS,9.236,1.284,-1.271,2.589,0.879,0.139,0.66,13.078,1.592,1.813,17.252,27.8559293105,17.5385926887
2008-11-20,DIS,9.445,0.76,0.412,3.001,0.934,0.08,0.41,7.831,0.916,1.073,17.267,16.4743149979,18.0397847584
2009-02-03,DIS,9.599,0.845,0.794,3.795,0.987,0.088,0.46,9.517,1.035,1.172,17.632,18.414869392,20.4153207712
2009-05-05,DIS,8.087,0.613,-0.426,3.369,0.894,0.076,0.33,12.271,1.182,1.292,17.936,20.6743077801,23.1212884849
2009-07-30,DIS,8.596,0.954,-0.241,3.128,0.825,0.111,0.51,15.363,1.364,1.421,18.468,23.4159978399,27.4436923577
2009-12-02,DIS,9.867,0.895,0.289,3.417,0.871,0.091,0.46,17.364,1.589,1.702,18.146,27.4972758768,26.621764544
2010-02-09,DIS,9.739,0.844,-0.213,3.204,0.867,0.087,0.45,17.506,1.595,1.6,19.379,26.9468607189,31.8684555888
2010-05-11,DIS,8.58,0.953,-0.129,3.075,0.795,0.111,0.49,19.21,1.904,1.869,19.32,32.292886706,31.7510597478
2010-08-10,DIS,10.002,1.331,-0.124,2.951,0.756,0.133,0.68,16.778,1.767,1.778,19.516,31.8684555888,32.6179828809
2010-11-24,DIS,9.742,0.835,-0.229,2.722,0.796,0.086,0.44,17.617,1.834,1.861,19.654,33.2952665786,37.373170707
2011-02-08,DIS,10.716,1.302,0.317,3.039,0.826,0.122,0.69,17.689,2.003,2.069,19.988,37.5922611069,39.3449843057
2011-05-10,DIS,9.077,0.942,0.055,3.094,0.783,0.104,0.5,18.82,2.099,2.147,20.353,40.0844144051,30.1523162788
2011-08-09,DIS,10.675,1.476,0.425,3.519,0.775,0.138,0.78,14.139,1.602,1.654,20.683,31.676820311,31.0560641781
2011-11-23,DIS,10.425,1.087,-0.334,3.185,0.874,0.104,0.59,12.483,1.467,1.605,20.329,30.4900806452,37.5652798375
2012-02-07,DIS,10.779,1.464,0.581,3.766,0.925,0.136,0.81,14.782,1.793,1.971,20.721,38.0480763159,40.6848878517
2012-05-08,DIS,9.629,1.143,-0.035,3.731,0.928,0.119,0.64,15.315,1.908,2.081,21.221,41.1305461394,46.0977791382
2012-08-07,DIS,11.088,1.831,0.643,4.374,0.83,0.165,1.02,16.176,2.132,2.234,22.337,46.2463319008,44.9743488712
2012-11-21,DIS,10.782,1.244,-0.987,3.387,0.828,0.115,0.7,15.182,2.04,2.17,22.162,45.1971780151,50.8087502946
2013-02-05,DIS,11.341,1.382,-0.18,3.207,0.909,0.122,0.78,17.503,2.288,2.39,23.082,51.1763831817,61.3287067563
2013-05-07,DIS,10.554,1.513,0.745,3.952,0.884,0.143,0.84,19.931,2.719,2.827,23.331,62.2807816691,62.2336492477
2013-08-06,DIS,11.578,1.847,-0.02,3.932,0.796,0.16,1.02,20.01,2.707,2.751,24.16,63.204577129,65.1558593759
2013-11-20,DIS,11.568,1.394,-0.001,3.931,0.728,0.121,0.78,19.827,2.701,2.678,25.436,65.2595507031,67.8023810529
2014-02-05,DIS,12.309,1.84,0.466,4.397,0.809,0.149,1.04,19.067,2.733,2.837,25.156,68.4799277179,77.5075213106
2014-05-06,DIS,11.649,1.917,-0.319,4.078,0.778,0.165,1.1,20.053,2.979,3.126,25.651,77.3262060059,83.2523535968
2014-08-05,DIS,12.466,2.245,0.012,4.09,0.771,0.18,1.3,20.134,3.103,3.271,26.282,82.7847509689,86.1533984723
2014-11-19,DIS,12.389,1.499,-0.669,3.421,0.801,0.121,0.88,20.305,3.12,3.388,26.199,85.7144245767,88.8275664946
2015-02-03,DIS,13.391,2.182,1.656,5.077,0.889,0.163,1.28,20.391,3.205,3.621,25.979,90.9243338099,107.282983878
2015-05-05,DIS,12.461,2.108,-1.332,3.745,0.781,0.169,1.24,23.403,3.708,4.084,27.097,107.07040839,117.703374956
2015-08-04,DIS,13.101,2.483,0.73,4.475,0.792,0.19,1.46,24.83,4.001,4.415,27.429,118.257296056,114.622796202
2015-11-25,DIS,13.512,1.609,-0.206,4.269,0.888,0.119,0.96,23.405,3.739,4.406,26.519,115.322486014,90.0952794983
2016-02-09,DIS,15.244,2.88,0.032,4.301,0.954,0.189,1.74,16.589,2.773,3.427,26.577,90.2908836657,103.024714963
2016-05-10,DIS,12.969,2.143,0.714,5.015,0.958,0.165,1.31,18.974,3.155,3.92,27.02,104.257021217,94.3211205967
2016-08-09,DIS,14.277,2.597,0.212,5.227,0.968,0.182,1.6,16.834,2.774,3.515,27.263,95.227391416,96.2518714726
2016-11-23,DIS,13.142,1.771,-0.617,4.61,1.033,0.135,1.1,16.652,2.811,3.614,26.906,96.7936638102,108.749250936
2017-02-07,DIS,14.784,2.479,-0.874,3.736,1.028,0.168,1.56,19.172,3.124,3.989,27.142,108.183520599,110.585393258
2017-05-09,DIS,13.336,2.388,0.064,3.8,1.017,0.179,1.51,18.99,3.158,4.005,27.711,111.230524345,107.69
