datekey,ticker,revenue,netinc,ncf,cashneq,de,netmargin,eps,pe,ps,pb,bvps,P0,P1
2001-07-19,DISH,0.966272,0.002249,0.691479,1.49256,-8.795,0.002,0.0,-29.597,4.164,-19.153,-1.523,18.4817096972,16.6738136397
2001-10-23,DISH,1.022506,0.003095,-0.288931,1.203629,-8.373,0.003,0.01,-37.341,3.417,-15.994,-1.631,16.6290637372,15.0538671723
2002-02-28,DISH,1.15043,-0.043208,0.47426,1.679177,-9.383,-0.037,-0.09,-58.055,3.132,-16.11,-1.622,16.6559136787,17.6046116099
2002-05-02,DISH,1.104468,-0.035147,0.64155,2.323688,-8.555,-0.088,-0.2,-93.597,2.971,-14.616,-1.798,16.7454134835,10.0597780628
2002-08-14,DISH,1.168684,0.037001,0.693772,3.01746,-8.943,0.032,0.08,-73.997,1.661,-8.921,-1.723,9.7912786483,12.8163720515
2002-11-14,DISH,1.222849,-0.167949,0.415276,3.428487,-7.615,-0.137,-0.35,-33.748,1.967,-9.192,-2.068,12.1272235543,16.5485139129
2003-03-04,DISH,1.324824,-0.278122,-1.945409,1.49305,-6.193,-0.163,-0.45,-29.944,2.759,-11.033,-2.507,17.6314615513,19.5378073942
2003-05-06,DISH,1.359048,0.057917,-0.424878,1.068172,-6.363,0.043,0.12,-53.599,3.055,-13.842,-2.328,20.5133552668,23.037249763
2003-08-13,DISH,1.414567,0.128793,0.093767,1.161949,-7.706,0.091,0.27,-84.026,3.119,-17.855,-1.923,21.8558523393,23.3773490214
2003-11-10,DISH,1.452295,0.035116,-0.243568,0.918292,-8.263,0.024,0.07,3205.015,3.213,-19.605,-1.878,23.4668488262,22.0885518318
2004-03-26,DISH,1.513386,0.00268,0.38246,1.290859,-8.346,0.002,0.0,72.792,2.847,-15.828,-2.136,21.4889031395,21.4889031395
2004-03-29,DISH,1.513386,0.00268,0.38246,1.290859,-8.346,0.002,0.0,70.395,2.754,-15.306,-2.136,20.7818546813,21.8648023197
2004-05-06,DISH,1.579796,-0.042886,-0.253638,1.037221,-7.052,-0.027,-0.09,123.738,2.568,-14.39,-2.221,20.5670551497,17.7836112195
2004-08-09,DISH,1.777713,0.085316,-0.348364,0.688857,-4.47,0.048,0.18,154.364,1.959,-7.118,-3.718,17.3808620978,19.1440082529
2004-11-09,DISH,1.862613,0.102261,0.262841,0.951698,-4.606,0.055,0.22,94.708,2.073,-8.157,-3.764,19.5825572966,18.6965092288
2005-03-16,DISH,1.931094,0.070078,-0.247138,0.70456,-3.901,0.036,0.15,61.157,1.837,-6.32,-4.567,18.9471086823,19.627307199
2005-05-05,DISH,2.024,0.317524,0.141223,0.845783,-4.595,0.157,0.7,22.874,1.732,-7.19,-4.016,19.0545084481,19.0545084481
2005-05-06,DISH,2.024,0.317524,0.141223,0.845783,-4.595,0.157,0.7,22.038,1.669,-6.927,-4.016,18.3564099704,19.3140578821
2005-08-09,DISH,2.095486,0.855527,0.069696,0.915479,-8.491,0.408,1.89,10.404,1.769,-14.4,-2.147,20.3791055596,17.6941114147
2005-11-08,DISH,2.128221,0.208864,0.097043,1.012522,-10.594,0.098,0.46,8.145,1.446,-15.062,-1.738,17.273462332,19.2961579212
2006-03-15,DISH,2.177794,0.132625,-0.396853,0.615669,-9.551,0.061,0.3,8.738,1.571,-15.27,-1.933,19.5736073161,21.1130039592
2006-05-10,DISH,2.289706,0.147281,1.264064,1.879733,-13.941,0.064,0.33,10.662,1.649,-20.761,-1.555,21.1935537835,23.055149724
2006-08-09,DISH,2.458689,0.168779,-0.01615,1.863583,-18.8,0.069,0.38,21.295,1.547,-27.376,-1.15,20.6923548765,23.2072993922
2006-11-07,DISH,2.471366,0.139616,-0.108296,1.755287,-26.629,0.056,0.31,27.215,1.704,-43.879,-0.82,23.6458484358,26.6888418
2007-03-01,DISH,2.598725,0.152596,0.167818,1.923105,-45.528,0.059,0.34,31.302,1.939,-86.788,-0.492,28.0492388334,27.7807394189
2007-03-06,DISH,2.598725,0.152596,0.167818,1.923105,-45.528,0.059,0.34,31.573,1.956,-87.541,-0.492,28.299838287,31.6650309485
2007-05-10,DISH,2.644985,0.15714,-0.957908,0.965197,-298.5,0.059,0.35,34.924,2.122,-708.399,-0.068,31.7634807338,26.169742932
2007-08-09,DISH,2.760008,0.224199,0.111679,1.076876,40.493,0.081,0.5,25.445,1.636,75.696,0.506,25.1762950984,33.1775776501
2007-11-09,DISH,2.794327,0.19968,0.528965,1.605841,20.195,0.071,0.45,29.593,2.011,47.214,1.028,31.8887804606,25.0505169588
2008-02-26,DISH,2.891055,0.175035,-0.425023,1.180818,14.76,0.061,0.39,17.313,1.18,20.452,1.428,23.8412943528,24.2253042344
2008-03-03,DISH,2.891055,0.175035,-0.425023,1.180818,14.76,0.061,0.39,17.799,1.213,21.027,1.428,24.5112690399,24.8299155374
2008-05-12,DISH,2.844394,0.258583,-0.19114,0.989678,-3.816,0.091,0.58,15.953,1.212,-5.612,-5.432,24.8789380755,23.6615450465
2008-08-04,DISH,2.91499,0.335885,0.367618,1.357296,-4.672,0.115,0.75,12.959,1.097,-6.004,-4.651,22.8036506301,12.6804965166
2008-11-10,DISH,2.936781,0.091895,-0.124078,1.076543,-4.37,0.031,0.2,6.871,0.511,-2.78,-4.738,10.8176400696,9.19172588995
2009-03-02,DISH,2.921022,0.216584,-0.873368,0.098574,-4.314,0.074,0.48,4.92,0.382,-2.279,-4.359,8.1132300522,12.5089176334
2009-05-11,DISH,2.905321,0.312684,0.165362,0.263936,-5.237,0.108,0.7,8.364,0.685,-4.802,-3.73,14.6413980398,15.0499191905
2009-08-10,DISH,2.903701,0.06342,-0.151075,0.112861,-5.78,0.022,0.14,12.596,0.739,-5.673,-3.402,15.7689164157,15.6463600705
2009-11-09,DISH,2.892147,0.080562,0.042709,0.15557,-7.265,0.028,0.18,13.368,0.774,-6.513,-3.093,16.4552319488,17.9553437739
2010-03-01,DISH,2.962982,0.178879,-0.049726,0.105844,-4.965,0.06,0.4,15.108,0.823,-4.589,-4.68,19.3309910435,19.151167871
2010-05-10,DISH,3.057395,0.230947,-0.005927,0.099917,-5.695,0.076,0.52,17.694,0.829,-5.295,-4.143,19.6726550712,18.7375745742
2010-08-09,DISH,3.169042,0.25699,0.20853,0.308447,-6.713,0.081,0.57,11.216,0.694,-5.303,-3.529,16.8314489458,18.6027071949
2010-11-05,DISH,3.207728,0.244964,0.40591,0.714357,-7.558,0.076,0.55,10.112,0.744,-6.507,-3.179,18.7106010984,20.6167267268
2011-02-24,DISH,3.206579,0.251828,-0.073685,0.640672,-9.494,0.079,0.57,10.183,0.793,-8.843,-2.559,20.3380008095,22.5138611967
2011-05-02,DISH,3.224131,0.549394,0.52285,1.163522,-21.391,0.17,1.24,10.167,1.034,-26.283,-1.137,26.7846615435,20.3559831267
2011-08-09,DISH,3.590161,0.33476,0.691728,1.85525,-137.011,0.093,0.75,7.294,0.761,-106.819,-0.212,20.302036175,21.1112404512
2011-11-07,DISH,3.602651,0.319099,-0.809734,1.045516,127.096,0.089,0.72,7.561,0.808,108.132,0.228,22.1721971689,28.3859092116
2012-02-23,DISH,3.63145,0.312654,-0.436408,0.609108,-28.283,0.086,0.7,8.736,0.943,-31.504,-0.941,28.8336979028,30.4788346164
2012-05-07,DISH,3.581869,0.36031,0.74956,1.358668,-219.587,0.101,0.81,10.486,0.966,-245.088,-0.127,30.1089222193,29.8558242633
2012-08-08,DISH,3.571766,0.225732,1.237026,2.595694,83.773,0.063,0.5,12.734,1.078,90.535,0.38,29.787682506,30.1673294399
2012-08-10,DISH,3.571766,0.225732,1.237026,2.595694,83.773,0.063,0.5,12.863,1.089,91.452,0.38,30.0894531457,33.9053915583
2012-11-06,DISH,3.523347,-0.158461,0.491945,3.087639,149.908,-0.045,-0.35,21.955,1.136,148.871,0.242,35.04433236,36.09
2013-02-20,DISH,3.58951,0.209106,0.518501,3.60614,469.471,0.058,0.46,25.633,1.144,442.674,0.081,36.03,39.61
2013-05-09,DISH,3.555224,0.215598,-0.675298,2.930842,59.787,0.061,0.48,35.858,1.239,60.845,0.64,38.8,44.71
2013-08-06,DISH,3.606133,-0.011052,1.16298,4.093822,57.27,-0.003,-0.02,80.367,1.437,59.633,0.755,44.91,47.5
2013-11-12,DISH,3.601577,0.314908,0.699631,4.793453,27.985,0.087,0.69,31.638,1.606,32.879,1.533,50.35,57.07
2014-02-21,DISH,3.141931,0.288038,-0.084271,4.700022,19.833,0.092,0.63,32.876,1.909,27.17,2.133,57.92,62.66
2014-05-08,DISH,3.594198,0.175931,-0.540495,4.168687,17.176,0.049,0.38,35.952,1.98,24.433,2.465,60.14,62.15
2014-08-06,DISH,3.688119,0.213313,-0.041328,4.127359,13.546,0.058,0.46,29.347,2.076,20.402,3.104,63.21,63.81
2014-11-04,DISH,3.679351,0.145519,0.623197,4.750556,12.669,0.04,0.32,35.437,2.067,18.888,3.35,63.26,78.31
2015-02-23,DISH,3.681719,0.40993,2.35394,7.104496,9.962,0.111,0.89,37.833,2.441,17.755,4.362,77.39,66.86
2015-05-11,DISH,3.724228,0.351485,-6.054599,1.049897,8.901,0.094,0.76,27.423,2.079,13.412,4.957,66.38,65.4
2015-08-05,DISH,3.832425,0.324423,-0.355648,0.694249,7.437,0.085,0.7,25.66,2.118,11.843,5.763,68.22,63.74
2015-11-09,DISH,3.733565,0.196479,0.550132,1.244381,6.994,0.053,0.42,22.791,1.952,10.233,6.166,63.09,46.07
2016-02-18,DISH,3.778683,-0.125295,-0.191223,1.053158,7.223,-0.033,-0.28,26.823,1.33,7.29,5.927,43.17,47.32
2016-04-20,DISH,3.787235,0.38929,-0.344186,0.708972,5.952,0.103,0.84,28.076,1.456,7.056,6.725,47.42,51.97
2016-07-21,DISH,3.837036,0.410464,2.640392,3.349364,5.858,0.107,0.88,28.667,1.649,7.091,7.575,53.71,56.68
2016-11-09,DISH,3.746111,0.307426,1.434936,4.7843,5.351,0.082,0.66,27.436,1.778,6.276,9.233,57.93,62.82
2017-02-22,DISH,3.72418,0.342673,0.539425,5.323725,4.987,0.092,0.74,20.028,1.924,6.262,9.97,62.4,64.44
2017-05-01,DISH,3.680361,0.375715,1.457749,6.782252,4.644,0.102,0.81,20.414,1.956,5.684,11.084,62.93,64.0
2017-08-03,DISH,3.643632,0.040116,-4.416359,2.365893,4.645,0.011,0.09,27.986,2.016,5.695,11.24,61.11,60.62
