datekey,ticker,revenue,netinc,ncf,cashneq,de,netmargin,eps,pe,ps,pb,bvps,P0,P1
2001-07-17,DOV,1.138573,0.143298,0.190262,0.36003,0.96,0.126,0.7,14.984,1.418,2.864,12.57,18.0290086006,16.744003668
2001-10-17,DOV,1.088554,0.002607,-0.138249,0.221781,0.9,0.002,0.02,18.802,1.393,2.662,12.519,16.7907311201,20.0305011321
2002-03-01,DOV,0.985004,0.023546,-0.045165,0.175865,0.827,0.024,0.11,32.611,1.817,3.217,12.446,20.2407746665,20.4043207489
2002-04-17,DOV,1.009932,-0.247933,-0.010217,0.165648,0.923,-0.245,-1.22,-102.725,1.91,3.603,11.04,20.1239560363,14.508873876
2002-08-13,DOV,1.094765,0.055201,-0.048967,0.116417,0.85,0.05,0.27,-34.329,1.369,2.452,11.511,14.3297519763,13.5743248341
2002-11-06,DOV,1.076096,0.056442,0.057914,0.174331,0.854,0.052,0.28,-48.506,1.313,2.322,11.621,13.7923862772,12.2581682667
2003-03-11,DOV,1.002871,0.015029,0.120387,0.294448,0.853,0.015,0.07,-39.081,1.133,1.979,11.834,12.0556826409,14.6724199584
2003-05-02,DOV,1.027792,0.059471,-0.000255,0.294193,0.84,0.058,0.29,31.922,1.414,2.44,12.028,15.1163307533,18.5741622084
2003-07-31,DOV,1.124219,0.072781,0.01213,0.306905,0.81,0.065,0.36,36.408,1.753,2.917,12.556,18.9479818252,20.3108658447
2003-10-31,DOV,1.153742,0.084355,0.098056,0.404379,0.895,0.073,0.42,34.115,1.834,3.039,12.835,20.27971421,20.793716183
2004-02-27,DOV,1.107543,0.076319,-0.033376,0.370379,0.872,0.069,0.38,27.182,1.804,2.903,13.526,20.5289272878,21.5257795992
2004-04-30,DOV,1.24238,0.083112,0.052154,0.422533,0.891,0.067,0.41,25.701,1.758,2.927,13.688,20.965050174,20.8560194525
2004-07-30,DOV,1.38036,0.112264,-0.051837,0.370696,0.881,0.081,0.55,22.66,1.652,2.823,14.06,20.8638073612,20.2952900273
2004-10-29,DOV,1.444196,0.120264,-0.064053,0.306643,0.867,0.083,0.59,20.375,1.543,2.701,14.54,20.7314129136,21.0429292609
2005-03-14,DOV,1.421176,0.097114,0.050963,0.357606,0.857,0.068,0.48,19.558,1.471,2.588,15.332,21.089656713,19.3529530767
2005-05-02,DOV,1.449034,0.098134,0.054224,0.41183,0.913,0.068,0.48,17.412,1.308,2.373,15.414,19.4619837983,22.3824495543
2005-07-29,DOV,1.584485,0.173201,-0.011485,0.399671,0.873,0.109,0.85,17.096,1.416,2.638,15.607,22.0553573896,20.6145942833
2005-10-28,DOV,1.562756,0.12268,-0.075222,0.323242,1.082,0.079,0.61,15.924,1.3,2.393,16.133,20.7158370962,25.5910679316
2006-03-07,DOV,1.5934,0.116127,-0.105422,0.19115,0.974,0.073,0.57,18.866,1.583,2.891,16.422,25.606643749,26.6969509646
2006-04-27,DOV,1.668362,0.203828,0.099385,0.290347,0.903,0.122,1.0,16.094,1.546,2.792,17.46,26.2997676217,25.2795515843
2006-07-25,DOV,1.655397,0.071911,-0.01353,0.271794,0.889,0.043,0.35,18.318,1.455,2.595,17.812,25.139369228,27.8028339975
2006-10-24,DOV,1.651927,0.167525,0.067379,0.339173,0.929,0.101,0.82,18.577,1.582,2.737,18.639,27.7405307281,26.1128578134
2007-02-28,DOV,1.698069,0.11852,0.03455,0.373616,1.001,0.07,0.58,17.414,1.502,2.567,18.663,26.2374643523,27.5224692849
2007-04-25,DOV,1.780187,0.128931,0.070738,0.444354,1.033,0.072,0.63,20.442,1.467,2.579,18.878,26.735890508,28.6517160439
2007-07-25,DOV,1.858965,0.172194,-0.034491,0.409863,0.953,0.093,0.84,17.445,1.466,2.562,19.555,27.6003483718,27.3121957505
2007-10-24,DOV,1.843829,0.174591,0.034931,0.446023,1.034,0.095,0.87,19.237,1.592,2.925,19.458,25.8947963702,24.0023345603
2008-02-28,DOV,1.860022,0.185364,0.156389,0.602412,1.045,0.1,0.94,12.246,1.12,2.051,20.173,23.5584237654,25.7624019226
2008-04-23,DOV,1.855062,0.147176,0.033278,0.63569,1.058,0.079,0.76,12.882,1.18,2.195,20.718,25.8091293747,28.3635634227
2008-07-23,DOV,2.010978,0.135276,0.10323,0.742613,1.12,0.067,0.72,14.454,1.227,2.347,20.924,27.7093790933,17.0944595587
2008-10-22,DOV,1.965776,0.18765,-0.166681,0.575932,1.125,0.095,1.01,7.95,0.677,1.331,20.988,15.7938788087,15.7004239045
2009-02-20,DOV,1.726648,0.120727,-0.028523,0.547409,1.074,0.07,0.65,8.586,0.67,1.337,20.398,15.5057261874,18.2548579524
2009-04-22,DOV,1.379085,0.053425,-0.047099,0.50031,1.013,0.039,0.29,11.975,0.84,1.577,20.286,18.3716765827,21.1363841651
2009-07-24,DOV,1.390331,0.09708,0.19325,0.69356,0.965,0.07,0.52,14.246,1.012,1.674,20.981,20.3264416621,23.6363028522
2009-10-23,DOV,1.499611,0.106884,-0.096056,0.597504,0.924,0.071,0.57,19.035,1.2,1.781,21.705,22.538207728,26.6580114212
2010-02-19,DOV,1.506661,0.099048,0.116861,0.714365,0.93,0.066,0.53,24.205,1.494,2.113,21.918,27.0318310379,29.6485683553
2010-04-23,DOV,1.58327,0.108126,-0.02407,0.690295,0.979,0.068,0.58,24.62,1.693,2.495,21.682,31.9849409602,27.3277715679
2010-07-23,DOV,1.786696,0.16987,0.048522,0.738817,0.979,0.095,0.91,18.414,1.398,2.181,21.867,28.3401996966,32.724792285
2010-10-22,DOV,1.887141,0.223759,0.127273,0.86609,0.909,0.119,1.2,16.534,1.469,2.27,23.432,31.7668795171,39.96754736
2011-02-11,DOV,1.875541,0.198348,0.321271,1.187361,0.892,0.106,1.07,17.756,1.743,2.746,24.227,39.9986989948,40.5049130591
2011-04-21,DOV,1.959021,0.194905,0.190758,1.378119,0.973,0.099,1.04,16.076,1.685,2.667,25.416,40.8709447672,40.1778208945
2011-07-22,DOV,2.156871,0.249769,0.0193,1.397419,0.93,0.116,1.34,14.345,1.578,2.531,26.351,40.4659735157,32.6079736548
2011-10-21,DOV,2.203388,0.17228,-0.481598,0.917024,0.95,0.078,0.93,11.985,1.192,2.003,26.265,32.1017595904,40.0687901729
2012-02-10,DOV,1.827853,0.278289,0.289216,1.206755,0.927,0.152,1.51,13.234,1.49,2.403,26.682,39.5314244738,38.4411172582
2012-04-18,DOV,2.063364,0.196063,-0.306779,0.899976,0.906,0.095,1.07,12.503,1.358,2.202,27.721,37.5844473031,31.9382135081
2012-07-18,DOV,2.156508,0.214101,-0.114011,0.785965,0.919,0.099,1.17,11.157,1.164,1.879,27.954,32.5223066593,35.621894315
2012-10-17,DOV,2.208699,0.241046,0.008134,0.794099,0.901,0.109,1.33,10.787,1.214,1.923,29.119,34.8898308989,45.0141121865
2013-02-15,DOV,1.675768,0.15986,0.005977,0.800076,1.123,0.095,0.91,15.627,1.564,2.577,28.161,45.4502350727,45.4658108901
2013-04-17,DOV,2.039573,0.210003,-0.228717,0.571359,1.149,0.103,1.21,14.499,1.48,2.512,27.83,44.0094719664,50.8472557899
2013-07-18,DOV,2.228763,0.330049,0.034591,0.60595,1.078,0.148,1.93,15.169,1.751,2.866,29.184,52.8798999561,56.0963062421
2013-10-17,DOV,2.252349,0.269114,0.133874,0.739824,1.018,0.119,1.58,15.366,1.817,2.818,31.018,55.5044251822,54.3985421492
2014-02-14,DOV,2.209128,0.193963,0.064058,0.803882,1.016,0.088,1.15,14.586,1.676,2.721,31.628,54.8813924875,77.260132288
2014-04-17,DOV,1.884647,0.160138,-0.317843,0.486039,1.312,0.085,0.94,14.926,1.659,3.796,22.512,79.3778661376,82.9670956418
2014-07-17,DOV,2.047738,0.213959,0.061349,0.547388,1.257,0.104,1.29,17.65,1.76,3.792,23.396,82.7618700848,67.5245207233
2014-10-16,DOV,2.092467,0.231844,0.158846,0.706234,1.284,0.111,1.4,15.182,1.475,3.096,23.717,68.8176630852,68.99962205
2015-02-13,DOV,1.727876,0.169294,-0.024653,0.681581,1.456,0.098,1.03,15.65,1.565,3.278,22.698,70.0636173136,69.1009399721
2015-04-21,DOV,1.715501,0.20951,-0.143095,0.538486,1.416,0.122,1.3,13.99,1.521,3.223,22.316,68.0974189916,63.0945663076
2015-07-21,DOV,1.758628,0.332396,0.056682,0.595168,1.357,0.189,2.1,10.725,1.387,2.815,22.96,61.5148230185,55.3044378959
2015-10-20,DOV,1.787582,0.186098,0.067505,0.662673,1.377,0.104,1.2,10.626,1.364,2.674,22.964,58.9652064415,55.2175711537
2016-02-12,DOV,1.6946,0.141825,-0.300488,0.362185,1.365,0.084,0.93,10.548,1.319,2.517,23.52,57.0886993291,65.8467044704
2016-04-21,DOV,1.622273,0.099356,-0.118465,0.24372,1.428,0.061,0.64,13.618,1.507,2.797,23.849,64.7589712992,71.3922536888
2016-07-21,DOV,1.686345,0.11829,0.01142,0.25514,1.418,0.07,0.76,20.459,1.644,3.005,23.932,70.2781240624,66.4014207012
2016-10-19,DOV,1.707763,0.130084,0.259615,0.514755,1.454,0.076,0.84,22.029,1.607,2.846,24.397,68.2497279402,78.0030026196
2017-02-10,DOV,1.777961,0.161162,-0.165609,0.349146,1.662,0.091,1.04,24.226,1.814,3.244,24.455,78.4283836104,78.8395225464
2017-04-20,DOV,1.813372,0.172247,0.066384,0.41553,1.59,0.095,1.11,21.328,1.776,3.139,25.417,79.2871352785,85.2
2017-07-20,DOV,1.993351,0.164058,-0.113942,0.301588,1.527,0.082,1.05,20.64,1.776,3.181,26.155,83.17,86.54
