datekey,ticker,revenue,netinc,ncf,cashneq,de,netmargin,eps,pe,ps,pb,bvps,P0,P1
2001-09-17,EL,1.0371,0.0204,-0.0368,0.3467,1.381,0.014,0.03,29.872,1.827,6.226,2.832,14.6655030166,13.7671057813
2001-10-26,EL,1.1877,0.0971,-0.1893,0.1574,1.331,0.077,0.19,27.973,1.735,5.661,2.963,14.0208198153,13.996568209
2002-01-31,EL,1.2574,0.0901,0.285,0.4424,1.294,0.067,0.17,30.815,1.676,5.25,3.073,13.45503432,15.0822055353
2002-05-01,EL,1.1217,0.0507,0.0266,0.469,1.273,0.04,0.1,36.029,1.838,5.744,3.097,14.8694275319,13.4063693092
2002-09-17,EL,1.129,-0.0254,0.0779,0.5469,1.337,-0.028,-0.07,42.019,1.493,4.843,3.073,12.6836202003,12.1405139334
2002-10-30,EL,1.2425,0.0734,-0.1897,0.3572,1.461,0.054,0.14,41.348,1.44,4.936,2.945,12.2491351868,11.1515288154
2003-01-30,EL,1.4127,0.1096,0.2976,0.6548,1.489,0.073,0.23,37.547,1.415,4.846,3.073,12.578082879,13.6764032642
2003-05-01,EL,1.2394,0.0838,-0.1268,0.528,1.349,0.063,0.17,34.215,1.485,5.052,3.18,13.613281403,14.5264443286
2003-09-15,EL,1.223,0.053,-0.1639,0.3641,1.353,0.039,0.1,26.523,1.536,5.522,3.096,14.5096118323,15.4690641228
2003-10-28,EL,1.3517,0.077,0.1186,0.4827,1.461,0.057,0.17,28.193,1.65,5.736,3.296,15.9151252754,16.9270381089
2004-01-29,EL,1.6191,0.0957,0.3872,0.8699,1.5,0.059,0.21,32.152,1.762,6.029,3.474,17.771057298,18.8398655173
2004-04-29,EL,1.4216,0.0983,-0.0021,0.8678,1.402,0.069,0.21,32.85,1.861,6.37,3.594,19.5099913057,18.9416567763
2004-09-03,EL,1.4031,0.0711,-0.2562,0.6116,1.139,0.051,0.16,29.588,1.748,5.839,3.803,18.9586219862,18.4920787158
2004-11-05,EL,1.4031,0.0711,-0.2562,0.6116,1.139,0.051,0.16,29.336,1.733,5.789,3.803,18.7974524928,18.7083851411
2004-11-09,EL,1.5041,0.095,-0.2245,0.3871,1.174,0.063,0.21,27.692,1.677,5.743,3.823,18.7338329559,19.4069664901
2005-01-27,EL,1.7503,0.1383,0.1908,0.5779,1.196,0.079,0.3,25.384,1.682,5.675,3.992,19.4155252405,16.1589207203
2005-04-29,EL,1.5382,0.1062,-0.0599,0.518,1.082,0.069,0.23,21.125,1.4,4.532,4.243,16.4370801077,17.3699838993
2005-09-02,EL,1.5437,0.0666,0.0353,0.5533,1.295,0.043,0.15,22.055,1.414,5.291,3.797,17.3443076482,13.1419612108
2005-10-27,EL,1.4971,0.0585,-0.1638,0.3895,1.289,0.039,0.13,17.981,1.05,3.834,3.929,13.1804755876,14.8410525366
2006-01-26,EL,1.7839,0.0817,-0.0192,0.3703,1.488,0.046,0.19,24.27,1.194,5.106,3.464,15.4603319392,16.1099257182
2006-05-04,EL,1.5782,0.0595,-0.102,0.2683,1.403,0.038,0.14,31.426,1.307,5.44,3.621,17.0799857614,15.209155678
2006-08-25,EL,1.6046,0.0445,0.1003,0.3686,1.333,0.028,0.11,30.301,1.145,4.561,3.821,15.1312044245,18.1063439321
2006-10-26,EL,1.5935,0.0583,-0.1879,0.1807,1.484,0.037,0.14,34.789,1.294,5.343,3.763,17.6083220349,17.8811514221
2006-12-01,EL,1.5935,0.0583,-0.1879,0.1807,1.484,0.037,0.14,34.951,1.3,5.368,3.763,17.6906039136,18.1142741872
2007-01-31,EL,1.9911,0.2084,0.0711,0.2518,1.502,0.105,0.5,26.475,1.45,6.075,3.878,20.8184859398,22.3524796406
2007-05-03,EL,1.6905,0.0939,-0.0498,0.202,2.77,0.056,0.23,22.583,1.33,8.591,2.613,20.7308291569,18.592003654
2007-08-28,EL,1.7624,0.0886,0.0517,0.2537,2.441,0.05,0.23,17.853,1.14,6.689,3.089,18.0923599915,18.9864591771
2007-10-25,EL,1.7101,0.0391,-0.0423,0.2114,2.771,0.023,0.1,20.072,1.206,7.055,3.153,19.6000566574,18.7382023578
2008-02-01,EL,2.3088,0.2244,0.1081,0.3195,2.448,0.097,0.58,19.443,1.161,6.311,3.554,19.8965800971,20.1495591436
2008-05-06,EL,1.8798,0.0901,0.0905,0.41,2.244,0.048,0.23,21.337,1.232,6.058,4.016,21.6008599894,22.279909009
2008-08-21,EL,2.0121,0.1202,-0.0083,0.4017,2.031,0.06,0.3,20.562,1.232,5.893,4.256,22.2177738046,14.4641879403
2008-10-28,EL,1.9035,0.0511,-0.0729,0.3288,2.019,0.027,0.13,14.297,0.857,4.047,4.394,15.6980155707,11.8551020828
2009-02-05,EL,2.041,0.158,0.4001,0.7289,2.218,0.077,0.4,12.578,0.673,3.19,4.205,12.1402763597,16.6940116386
2009-05-05,EL,1.6965,0.0272,-0.0883,0.6406,2.1,0.016,0.07,19.068,0.888,4.117,4.198,15.6438460474,15.7705901705
2009-08-19,EL,1.6828,-0.0179,0.2239,0.8645,2.156,-0.011,-0.04,31.522,0.94,4.198,4.171,15.8430153837,18.6223329396
2009-10-30,EL,1.8334,0.1407,-0.0653,0.7992,1.968,0.077,0.36,27.147,1.153,4.558,4.663,19.2379472516,24.5574980533
2010-01-28,EL,2.2623,0.2562,0.4244,1.2236,1.869,0.113,0.65,25.715,1.397,5.271,5.022,24.2828056813,32.038286983
2010-04-27,EL,1.86,0.0575,0.1576,1.3812,1.779,0.031,0.14,30.577,1.747,6.429,5.243,30.7014507728,26.571908781
2010-08-20,EL,1.8401,0.0239,-0.2605,1.1207,1.73,0.013,0.06,23.617,1.449,5.798,4.905,26.274325378,32.5830935207
2010-11-01,EL,2.0917,0.1911,-0.4272,0.6935,1.65,0.091,0.48,25.869,1.698,6.448,5.391,31.9833485086,42.5079021328
2011-02-04,EL,2.492,0.3439,0.3496,1.0431,1.498,0.138,0.88,29.787,2.216,7.692,6.068,42.9979867125,44.8473624851
2011-05-06,EL,2.1657,0.1247,0.0559,1.099,1.462,0.058,0.32,28.198,2.244,7.685,6.344,45.3374470648,40.9498030444
2011-08-22,EL,2.0606,0.0411,0.154,1.253,1.379,0.02,0.1,24.615,1.958,6.561,6.674,40.9081920895,54.9819417188
2011-11-04,EL,2.4767,0.2786,-0.5335,0.7195,1.472,0.112,0.71,28.812,2.47,9.176,6.337,54.5288446546,53.6696789093
2012-02-06,EL,2.7375,0.3967,0.2796,0.9991,1.408,0.145,1.03,26.462,2.358,8.476,6.789,53.6043191751,56.6949008938
2012-05-07,EL,2.2482,0.1304,0.1937,1.1928,1.321,0.058,0.34,28.278,2.515,8.444,7.305,57.5165661241,57.2271158725
2012-08-17,EL,2.2512,0.0512,0.1549,1.3477,1.407,0.023,0.13,27.839,2.456,8.728,7.021,57.525903229,57.1150706139
2012-11-02,EL,2.5495,0.2995,-0.294,1.0537,1.311,0.117,0.77,26.479,2.375,7.683,7.801,56.0506406564,61.1698061264
2013-02-06,EL,2.933,0.4475,0.2699,1.3236,1.301,0.153,1.16,26.369,2.453,7.873,8.028,59.8653040022,66.9303008688
2013-05-03,EL,2.2918,0.1788,0.115,1.4386,1.217,0.078,0.46,28.278,2.756,8.65,8.248,67.5275542619,63.9392506495
2013-08-23,EL,2.4074,0.094,0.0571,1.4957,1.169,0.039,0.24,25.889,2.593,8.032,8.474,64.7756790808,67.6322366241
2013-11-01,EL,2.675,0.3007,-0.1735,1.3222,1.087,0.112,0.78,26.575,2.632,7.546,9.272,66.6600708778,66.1209331275
2014-02-05,EL,3.0187,0.4325,0.4258,1.748,1.023,0.143,1.11,25.16,2.435,6.543,9.963,62.460820772,69.1908270372
2014-05-02,EL,2.5498,0.2132,-0.2178,1.5302,1.081,0.084,0.55,27.823,2.718,7.893,9.506,72.4783258146,73.6501488272
2014-08-20,EL,2.7253,0.2577,0.0989,1.6291,1.037,0.095,0.68,24.251,2.662,7.575,10.068,73.5924895249,73.1862538716
2014-11-04,EL,2.631,0.2281,-0.2337,1.3954,1.024,0.087,0.6,24.156,2.502,7.23,9.901,69.3708567504,70.1297681786
2015-02-05,EL,3.0445,0.4357,-0.1542,1.2412,1.055,0.143,1.15,26.122,2.707,7.763,10.047,75.7846150958,80.9898443199
2015-05-05,EL,2.5805,0.2721,0.0471,1.2883,1.097,0.105,0.72,27.549,2.994,8.53,10.185,84.2472764112,81.0921583752
2015-08-20,EL,2.5244,0.153,-0.2669,1.0214,1.258,0.061,0.41,28.144,2.843,8.412,9.666,79.8867606722,78.4491965447
2015-11-02,EL,2.8347,0.3093,-0.6129,0.4085,1.411,0.109,0.83,27.444,2.924,9.2,9.37,84.796502902,85.1335202386
2016-02-05,EL,3.1248,0.4462,0.4596,0.8681,1.378,0.143,1.21,28.407,3.031,9.306,9.751,89.0276865476,95.342893625
2016-05-03,EL,2.6565,0.2656,-0.3118,0.5563,1.31,0.1,0.72,29.338,3.092,9.037,10.327,91.5735462399,90.1800916499
2016-08-24,EL,2.6463,0.0935,0.3578,0.9141,1.578,0.035,0.25,29.694,2.939,9.266,9.685,89.126332798,85.2707019075
2016-11-02,EL,2.865,0.294,-0.25,0.664,1.551,0.103,0.8,27.201,2.648,8.177,9.981,80.6267586981,79.3090794286
2017-02-02,EL,3.208,0.428,0.598,1.262,1.952,0.133,1.17,27.791,2.641,7.921,10.338,81.3731795939,87.163717567
2017-05-03,EL,2.857,0.298,-0.123,1.139,1.775,0.104,0.81,30.16,2.901,8.153,11.223,90.9699064228,98.58
