datekey,ticker,revenue,netinc,ncf,cashneq,de,netmargin,eps,pe,ps,pb,bvps,P0,P1
2001-08-10,ES,1.583294,0.046732,-1.274808,0.197646,3.642,0.03,0.35,62.306,0.42,1.277,15.852,12.8818434118,11.4990785047
2001-11-09,ES,1.723894,0.034631,-0.066733,0.130913,3.638,0.02,0.26,189.089,0.361,1.117,15.979,11.5567019493,12.4614521274
2002-03-22,ES,1.766094,0.049984,-0.034255,0.096658,3.836,0.028,0.39,10.507,0.372,1.208,16.145,12.4160197498,12.8184208081
2002-05-13,ES,1.910683,0.018642,0.010152,0.10681,3.745,0.01,0.14,17.665,0.379,1.239,16.516,13.2727445836,10.9054450234
2002-08-09,ES,1.673193,0.028857,-0.012787,0.094023,3.812,0.017,0.22,16.36,0.306,1.008,16.531,10.91197523,9.83892964066
2002-11-08,ES,1.361045,0.048575,-0.023297,0.070726,3.712,0.036,0.38,12.652,0.275,0.844,16.926,9.46379988179,9.25187072259
2003-03-21,ES,1.446229,0.056035,0.014667,0.085393,3.645,0.039,0.44,11.693,0.341,0.805,17.259,9.39276215491,9.99658257916
2003-05-09,ES,1.688437,0.060204,0.044281,0.098959,3.608,0.036,0.47,9.743,0.306,0.846,17.554,9.99658257916,11.162403408
2003-08-08,ES,1.457541,0.026869,-0.041931,0.057028,3.705,0.018,0.21,11.027,0.355,0.954,17.472,11.2503496167,13.0003523978
2003-11-07,ES,2.054274,0.039238,0.06111,0.163898,3.701,0.019,0.31,13.341,0.366,1.079,17.727,13.0344740576,13.0228300033
2004-03-12,ES,0.868904,-0.0099,-0.076597,0.177322,3.995,-0.011,-0.08,20.652,0.396,1.062,17.754,13.1267908601,12.6832245375
2004-05-07,ES,1.838287,0.067442,0.038854,0.270636,3.945,0.037,0.53,18.579,0.369,0.985,18.246,12.4406492048,13.2715217449
2004-08-06,ES,1.524666,0.022883,-0.000785,0.304128,3.955,0.015,0.18,20.425,0.389,1.052,18.147,13.3134318136,14.084244804
2004-11-05,ES,1.667985,0.039117,0.023062,0.097852,3.977,0.023,0.3,21.34,0.432,1.1,18.077,13.9996970613,13.6724086939
2005-03-15,ES,1.667985,-0.007908,0.049172,0.097852,3.982,-0.005,-0.06,20.362,0.413,1.051,18.052,13.5935432006,13.4644905753
2005-03-17,ES,1.655761,0.033062,-0.050863,0.046989,4.075,0.02,0.26,20.854,0.364,1.059,17.833,13.6078823812,13.529016888
2005-05-09,ES,2.264812,-0.117719,0.027032,0.074021,4.563,-0.052,-0.91,-107.657,0.343,1.123,16.796,13.5146777074,15.1150245121
2005-08-08,ES,1.55792,-0.027704,-0.018538,0.055483,4.684,-0.018,-0.21,-36.233,0.371,1.262,16.232,14.7680512091,13.1640199647
2005-11-07,ES,1.754862,-0.094492,0.030711,0.086194,5.364,-0.054,-0.73,-11.274,0.322,1.148,15.632,13.0765029345,14.2984081574
2006-03-10,ES,1.877834,-0.013573,-0.040412,0.045782,4.174,-0.007,-0.08,-11.761,0.403,1.227,17.629,14.4321075583,15.1377432856
2006-05-08,ES,2.147388,-0.010106,-0.009514,0.036268,4.103,-0.005,-0.07,-21.233,0.422,1.302,15.498,14.9817606511,17.235264581
2006-08-07,ES,1.670531,0.022242,0.012476,0.048744,3.868,0.013,0.14,-36.218,0.466,1.476,15.322,16.9280272558,19.4104744912
2006-11-08,ES,1.594096,0.111449,0.001711,0.050455,3.647,0.07,0.72,36.373,0.549,1.618,16.072,19.6295884501,22.231532853
2007-03-01,ES,1.481843,0.346993,0.431456,0.481911,3.039,0.234,2.26,9.541,0.652,1.605,18.156,22.2774657721,25.1099957844
2007-05-09,ES,1.704293,0.075094,-0.267181,0.21473,2.917,0.044,0.49,9.099,0.784,1.795,18.252,25.0487518922,21.9429119625
2007-08-07,ES,1.392053,0.048553,-0.075907,0.138823,2.941,0.035,0.31,7.794,0.735,1.607,18.245,22.5590695465,23.837030495
2007-11-08,ES,1.45108,0.050124,0.06883,0.207653,2.945,0.035,0.32,9.287,0.802,1.683,18.55,24.2016059696,20.4283910023
2008-02-29,ES,1.2748,0.072712,-0.192549,0.015104,2.975,0.057,0.47,15.97,0.676,1.351,18.796,19.956422015,21.5375181226
2008-05-09,ES,1.519967,0.058393,0.00987,0.024974,3.218,0.038,0.38,18.454,0.752,1.449,18.848,21.4588566247,20.7366275385
2008-08-07,ES,1.325345,0.057848,-0.012846,0.012128,3.324,0.044,0.37,16.943,0.727,1.378,18.906,20.6415053938,16.7833229143
2008-11-10,ES,1.506897,0.072689,0.07069,0.082818,3.199,0.048,0.47,12.634,0.587,1.096,19.382,16.9590645155,17.9342867213
2009-02-27,ES,1.447886,0.071898,-0.068252,0.089816,3.631,0.05,0.46,13.094,0.589,1.131,19.391,17.8528042736,17.3231683641
2009-05-08,ES,1.593483,0.097674,0.327012,0.416828,3.13,0.06,0.6,12.429,0.632,1.074,21.289,17.2742788955,18.8905710399
2009-08-07,ES,1.224431,0.082854,0.06432,0.481148,3.034,0.067,0.47,12.714,0.71,1.17,19.99,19.2697011743,19.2853610687
2009-11-06,ES,1.306173,0.064788,-0.232171,0.248977,2.964,0.049,0.37,12.948,0.727,1.147,20.15,19.227097138,21.7089926509
2010-02-26,ES,1.315343,0.084717,-0.222025,0.026952,2.929,0.063,0.48,13.862,0.827,1.257,20.169,21.7344627244,22.0740637045
2010-05-07,ES,1.33942,0.086211,0.00306,0.030012,2.891,0.063,0.49,14.355,0.867,1.239,20.557,21.6750325529,24.9854622819
2010-08-06,ES,1.111426,0.071946,0.058763,0.088775,2.889,0.065,0.41,16.815,1.006,1.395,20.722,24.8396994614,27.4668401159
2010-11-08,ES,1.243337,0.100524,-0.047596,0.041179,2.84,0.081,0.57,16.311,1.109,1.492,21.061,27.2592167575,28.9309566871
2011-02-25,ES,1.203985,0.129269,-0.017784,0.023395,2.81,0.107,0.73,15.287,1.211,1.556,21.548,29.5458594445,31.0055655956
2011-05-06,ES,1.235251,0.114155,-0.008036,0.015359,2.711,0.092,0.64,15.004,1.302,1.606,21.928,31.0407392378,28.3687414183
2011-08-05,ES,1.047481,0.077278,-0.000252,0.015107,2.688,0.074,0.44,13.539,1.206,1.457,22.076,28.5725780483,30.9622128801
2011-11-07,ES,1.114892,0.089961,0.001614,0.016721,2.722,0.081,0.51,14.834,1.324,1.54,22.289,30.7388847434,32.17189761
2012-02-24,ES,1.068033,0.113299,-0.010162,0.006559,2.899,0.106,0.63,16.1,1.423,1.584,22.593,32.2799174117,32.8384491886
2012-05-10,ES,1.099623,0.099262,0.27682,0.283379,2.927,0.09,0.56,30.105,2.641,2.811,22.848,33.0925886516,36.2580213954
2012-08-07,ES,1.628684,0.044339,-0.254896,0.028483,2.033,0.027,0.15,35.717,2.523,1.366,30.12,36.1755543263,36.2264293811
2012-11-07,ES,1.861529,0.207628,0.044966,0.073449,2.025,0.112,0.66,25.932,2.129,1.313,29.151,35.4774909483,38.8453516847
2013-02-28,ES,1.683952,0.174716,-0.027701,0.045748,2.064,0.104,0.57,24.809,2.08,1.413,29.331,39.0712514764,42.5068108088
2013-05-06,ES,1.995023,0.228089,0.015069,0.060817,2.031,0.114,0.72,21.431,1.957,1.502,29.655,41.9797112948,42.7767026633
2013-08-02,ES,1.635862,0.171021,-0.024762,0.036055,1.998,0.105,0.54,18.0,1.96,1.495,29.848,42.4348688573,40.725312575
2013-11-04,ES,1.89259,0.209501,0.021886,0.057941,1.989,0.111,0.66,17.164,1.865,1.413,30.186,40.8882138253,42.937371631
2014-02-25,ES,1.777729,0.177397,-0.014577,0.043364,1.892,0.1,0.56,17.826,1.919,1.458,30.448,42.9470400326,46.0026436156
2014-05-02,ES,2.29059,0.235957,0.045786,0.08915,1.889,0.103,0.75,18.301,1.913,1.494,30.817,44.8516020662,43.1950802014
2014-08-01,ES,1.677614,0.127367,-0.055054,0.034096,1.849,0.076,0.4,18.214,1.789,1.401,30.871,42.4964809544,49.1264186815
2014-11-07,ES,1.892532,0.234614,0.00761,0.041706,1.829,0.124,0.74,20.716,2.103,1.624,31.266,50.3173621647,49.102309831
2015-02-25,ES,1.88112,0.221609,-0.003003,0.038703,1.985,0.118,0.7,20.363,2.156,1.673,31.5,48.4303059656,44.7461421566
2015-05-06,ES,2.513431,0.253254,0.032324,0.071027,1.962,0.101,0.8,18.136,1.906,1.501,31.885,44.3378405691,45.9527893376
2015-08-05,ES,1.817061,0.207507,-0.034558,0.036469,1.934,0.114,0.65,17.031,1.927,1.533,32.067,46.0838156209,48.6406896635
2015-11-06,ES,1.933105,0.23592,-0.000688,0.035781,1.919,0.122,0.74,16.932,1.909,1.51,32.428,46.2983807244,53.9714727635
2016-02-26,ES,1.69123,0.181805,-0.011834,0.023947,1.954,0.107,0.57,19.776,2.184,1.678,32.61,52.171153605,55.1244439767
2016-05-06,ES,2.055635,0.244153,0.027019,0.050966,1.942,0.119,0.77,20.856,2.418,1.737,32.875,54.8939584967,55.7850726334
2016-08-05,ES,1.767184,0.203649,-0.01224,0.038726,1.939,0.115,0.64,20.795,2.417,1.713,33.071,54.9330965154,52.1078007735
2016-11-04,ES,2.039706,0.265319,0.00133,0.040056,1.922,0.13,0.83,18.831,2.231,1.584,33.473,51.9125673499,56.6986998317
2017-02-23,ES,1.776604,0.229179,-0.009805,0.030251,1.992,0.129,0.73,19.545,2.411,1.719,33.737,57.210563094,59.0333090909
2017-05-05,ES,2.105135,0.259458,0.015512,0.045763,1.995,0.123,0.82,19.706,2.454,1.747,34.033,59.0928484848,61.88
2017-08-04,ES,1.762811,0.230749,-0.021125,0.024638,2.0,0.131,0.72,19.817,2.539,1.793,34.297,61.58,61.58
