datekey,ticker,revenue,netinc,ncf,cashneq,de,netmargin,eps,pe,ps,pb,bvps,P0,P1
2001-08-10,ETR,2.495276,0.238906,-0.331136,0.698695,2.329,0.096,1.08,11.367,0.746,1.098,34.458,20.5715198507,21.2145501401
2001-11-09,ETR,2.575736,0.312484,0.202581,0.901276,2.339,0.121,1.41,11.488,0.83,1.097,35.374,21.3904220584,23.4588649634
2002-03-14,ETR,1.897461,0.020652,-0.149703,0.751573,2.475,0.011,0.1,12.836,0.969,1.25,33.73,23.2372936296,25.1926606502
2002-05-10,ETR,1.860834,-0.078923,0.011722,0.763295,2.432,-0.042,-0.36,20.567,1.149,1.364,33.492,25.2314356336,23.0888280964
2002-08-12,ETR,2.096581,0.241653,-0.032635,0.73066,2.396,0.115,1.08,19.061,1.121,1.235,34.128,23.7300281945,24.6550941932
2002-11-12,ETR,2.468875,0.360876,0.218186,0.948846,2.424,0.146,1.61,17.459,1.142,1.215,34.955,24.2639234644,27.4598006027
2003-03-19,ETR,1.878746,0.075755,0.386482,1.335328,2.438,0.04,0.35,18.011,1.3,1.377,35.278,27.5512189984,27.7854786373
2003-05-09,ETR,2.037723,0.395007,-0.957873,0.377455,2.324,0.194,1.13,10.207,1.292,1.329,36.849,27.9226062308,29.8850655983
2003-08-12,ETR,2.353909,0.205641,0.700326,1.077781,2.394,0.087,0.91,11.406,1.354,1.393,37.485,30.1288831498,31.3595812669
2003-11-10,ETR,2.700125,0.365774,-0.500237,0.577544,2.257,0.135,1.6,11.893,1.382,1.413,38.451,31.7108179434,34.7577617348
2004-03-11,ETR,2.10316,-0.03948,0.114689,0.692233,2.281,-0.019,-0.16,14.389,1.451,1.532,38.044,34.0499844723,30.8119034962
2004-05-10,ETR,2.251549,0.207161,0.18273,0.874963,2.236,0.092,0.9,16.17,1.27,1.345,38.602,30.8767830786,34.5593897694
2004-08-06,ETR,2.485097,0.265182,-0.289265,0.585698,2.302,0.107,1.16,16.729,1.4,1.528,38.231,35.029383192,39.6679410616
2004-11-05,ETR,2.963581,0.282244,0.002143,0.587841,2.273,0.095,1.24,20.475,1.494,1.656,38.965,39.2662859231,42.8649409045
2005-03-11,ETR,2.423496,0.154937,0.219895,0.807736,2.412,0.064,0.71,16.404,1.474,1.798,37.438,42.6274451387,43.9062684929
2005-05-04,ETR,2.323414,0.171996,-0.140384,0.479402,2.547,0.074,0.8,17.7,1.518,1.931,37.429,44.4543356447,48.1179755439
2005-08-04,ETR,2.709519,0.28615,0.135288,0.61469,2.595,0.106,1.36,18.084,1.554,2.037,37.654,47.8541641263,43.0943886319
2005-11-09,ETR,3.129731,0.349952,-0.008705,0.598031,2.813,0.112,1.68,14.92,1.357,1.828,37.799,43.1255261959,44.1128070864
2006-03-10,ETR,2.15664,0.090233,-0.015211,0.58282,2.985,0.042,0.44,16.411,1.459,1.904,37.32,44.5144601883,43.497775774
2006-05-10,ETR,2.568031,0.193628,0.169566,0.752386,2.796,0.075,0.93,15.791,1.375,1.807,38.695,44.1872126737,49.8418602733
2006-08-09,ETR,2.628502,0.281802,-0.023452,0.728934,2.723,0.107,1.35,17.929,1.566,2.0,39.47,49.8355351641,54.6971630527
2006-11-08,ETR,3.254719,0.388883,0.016094,0.745028,2.571,0.119,1.87,18.668,1.68,2.082,41.07,55.2066848324,63.6373859922
2007-03-01,ETR,2.480904,0.268288,0.271124,1.016152,2.792,0.108,1.3,17.257,1.788,2.384,39.849,63.5149444394,76.7141519093
2007-05-10,ETR,2.60023,0.212195,0.063871,1.080023,2.973,0.082,1.06,20.185,2.119,2.964,39.088,76.2545143747,67.5926126654
2007-08-08,ETR,2.769352,0.267602,0.223106,1.320222,3.291,0.097,1.36,17.676,1.81,2.581,39.535,66.9711309284,78.9894166442
2007-11-08,ETR,3.289087,0.461159,0.146463,1.466685,3.236,0.14,2.37,19.644,2.132,2.981,40.9,80.1902027587,68.9753627812
2008-02-29,ETR,2.7319,0.193893,-0.193684,1.273001,3.279,0.071,1.0,17.488,1.728,2.524,40.537,67.8981390451,75.7082479123
2008-05-09,ETR,2.864734,0.308749,-0.338022,0.915706,3.4,0.108,1.6,17.779,1.878,2.853,39.832,76.0541906972,69.4746250394
2008-08-07,ETR,3.264271,0.270954,0.170715,1.086421,3.738,0.083,1.42,16.018,1.628,2.701,38.274,69.1797867387,51.0405303747
2008-11-07,ETR,3.963884,0.470289,1.469467,2.555888,3.57,0.119,2.47,12.192,1.183,1.901,41.9,54.176537755,46.0511781454
2009-03-02,ETR,3.000868,0.170574,-0.635397,1.920491,3.596,0.057,0.91,10.151,0.946,1.555,42.069,44.6913051003,50.9644882933
2009-05-08,ETR,2.789112,0.235335,-0.117533,1.802958,3.231,0.083,1.22,12.826,1.125,1.697,44.811,51.0464906879,54.4671181488
2009-08-07,ETR,2.520789,0.226813,-0.522051,1.280907,3.151,0.088,1.16,14.128,1.258,1.761,44.703,54.4464082179,54.1406707151
2009-11-06,ETR,2.937095,0.455169,-0.150127,1.13078,3.253,0.153,2.35,13.561,1.294,1.715,43.859,53.6737004605,54.3773513515
2010-02-26,ETR,2.498654,0.313775,0.578771,1.709551,3.327,0.124,1.66,11.868,1.338,1.669,45.584,53.9865052558,54.4342016927
2010-05-07,ETR,2.759347,0.213799,-0.052517,1.657034,3.291,0.076,1.13,12.061,1.339,1.619,46.829,53.8585919881,57.0923333547
2010-08-06,ETR,2.86295,0.315266,-0.32151,1.335524,3.294,0.108,1.67,11.658,1.347,1.699,46.461,57.2862806371,54.7266794711
2010-11-05,ETR,3.332176,0.492886,0.595395,1.930919,3.418,0.146,2.65,10.368,1.191,1.562,46.954,54.7266794711,52.6553289953
2011-02-28,ETR,2.533104,0.228291,-0.636447,1.294472,3.542,0.088,1.28,10.362,1.11,1.5,47.167,52.8557651835,51.4675589912
2011-05-09,ETR,2.541208,0.248663,-0.568235,0.726237,3.511,0.096,1.39,9.71,1.09,1.439,47.727,51.2374285529,47.2100029979
2011-08-08,ETR,2.803279,0.315583,-0.196379,0.529858,3.54,0.111,1.77,8.322,0.939,1.225,48.353,44.7533398884,52.8910319128
2011-11-07,ETR,3.395553,0.628054,0.457282,0.98714,3.358,0.183,3.55,8.73,1.085,1.364,50.666,52.8605735011,52.3216295638
2012-02-28,ETR,2.489032,0.154139,-0.292702,0.694438,3.531,0.06,0.89,8.916,1.052,1.319,50.874,52.1890315164,50.6914535682
2012-05-09,ETR,2.383659,-0.151683,-0.009436,0.685002,3.581,-0.066,-0.86,12.316,1.029,1.278,50.401,50.8178661706,57.0120836889
2012-08-08,ETR,2.5186,0.365001,-0.401609,0.283393,3.521,0.143,2.06,13.127,1.185,1.416,50.969,57.6355159794,54.2705801553
2012-11-06,ETR,2.96356,0.337088,0.466326,0.749719,3.562,0.112,1.9,17.42,1.148,1.294,51.772,54.1347038869,50.4439719301
2013-02-27,ETR,2.436259,0.296268,-0.21715,0.532569,3.687,0.119,1.66,13.389,1.072,1.201,51.743,50.8374250748,57.0507059853
2013-05-08,ETR,2.608874,0.1614,-0.269638,0.262931,3.635,0.06,0.91,10.66,1.152,1.316,51.751,56.4534032616,56.1547518997
2013-08-07,ETR,2.738208,0.163723,0.048441,0.311372,3.655,0.058,0.92,13.079,1.141,1.322,52.047,57.7589334153,55.2153737629
2013-11-07,ETR,3.351959,0.23985,0.05396,0.365332,3.595,0.07,1.35,13.648,1.031,1.221,52.772,54.7899856753,55.2321867206
2014-02-27,ETR,2.691906,0.146929,0.373794,0.739126,3.497,0.053,0.82,16.423,0.999,1.182,54.014,54.9649481084,64.7924325569
2014-05-08,ETR,3.208843,0.401174,0.169357,0.908483,3.401,0.124,2.24,14.368,1.119,1.349,55.641,64.4734703424,61.7413577041
2014-08-07,ETR,2.99665,0.189383,-0.258415,0.650068,3.378,0.062,1.06,13.407,1.049,1.277,56.104,62.3952128054,73.8182451378
2014-11-06,ETR,3.45811,0.230037,0.418441,1.068509,3.379,0.065,1.28,15.596,1.197,1.458,56.506,72.2836722999,71.4229973706
2015-02-26,ETR,2.831318,0.120127,0.353517,1.422026,3.64,0.041,0.66,15.45,1.139,1.422,55.52,71.2610404604,68.1838591678
2015-05-07,ETR,2.92009,0.29805,-0.24148,1.180546,3.567,0.1,1.66,16.781,1.125,1.355,56.407,68.80469399,61.7586665778
2015-08-06,ETR,2.713231,0.148843,-0.270176,0.91037,3.545,0.053,0.83,16.033,1.046,1.227,56.585,63.1779877307,63.8004999951
2015-11-04,ETR,3.371406,-0.723027,0.130228,1.040598,3.919,-0.216,-4.04,-70.373,1.043,1.348,51.114,63.7268379948,70.0918721249
2016-02-26,ETR,2.508523,0.099573,0.310363,1.350961,3.823,0.038,0.55,-65.202,1.112,1.383,51.894,67.7224364477,72.5462676471
2016-05-06,ETR,2.609852,0.229966,-0.25931,1.091651,3.907,0.086,1.29,-51.395,1.215,1.454,52.419,71.8949088355,76.6794957907
2016-08-04,ETR,2.462562,0.567314,-0.095552,0.996099,3.702,0.228,3.17,93.472,1.308,1.468,54.571,76.3740378217,68.8802793679
2016-11-04,ETR,3.124703,0.38817,0.311335,1.307434,3.741,0.123,2.17,10.035,1.185,1.26,56.244,68.3303177593,74.2809750329
2017-02-24,ETR,2.648527,-1.769067,-0.11959,1.187844,4.68,-0.669,-9.89,-22.561,1.254,1.683,45.117,74.9334296978,75.6847411301
2017-05-05,ETR,2.588458,0.082605,-0.104782,1.083062,4.625,0.031,0.46,-18.554,1.283,1.723,44.928,76.4755952694,76.53
2017-08-03,ETR,2.61855,0.409922,-0.148567,0.934495,4.496,0.155,2.28,-15.266,1.257,1.648,46.641,76.86,76.88
