datekey,ticker,revenue,netinc,ncf,cashneq,de,netmargin,eps,pe,ps,pb,bvps,P0,P1
2001-08-14,FLR,2.33843,0.034239,0.213653,0.311011,2.623,0.015,0.22,,,3.709,5.333,15.7372025702,17.4058511736
2001-11-14,FLR,1.975961,-0.054514,0.100142,0.411153,2.823,-0.028,-0.35,,,4.138,4.844,16.1611137573,17.7155765611
2002-03-21,FLR,2.634951,0.028493,0.161501,0.572654,2.917,0.011,0.18,174.781,0.378,4.298,4.997,17.4141929468,15.6141483464
2002-05-15,FLR,2.506609,0.04119,0.100635,0.673289,2.837,0.016,0.26,61.353,0.321,3.673,5.211,15.5357060358,12.3982332762
2002-08-14,FLR,2.536113,0.042975,0.162975,0.836264,2.729,0.017,0.27,41.895,0.252,2.834,5.409,12.5226302656,10.4353354101
2002-11-14,FLR,2.451215,0.031249,-0.002964,0.8333,2.581,0.013,0.2,13.544,0.192,2.243,5.468,10.1183547982,14.4515297242
2003-03-31,FLR,2.465019,0.048201,-0.079933,0.753367,2.555,0.02,0.3,16.712,0.275,3.094,5.57,14.2068745217,14.4557479174
2003-05-15,FLR,2.076959,0.016912,-0.223237,0.53013,2.464,0.008,0.11,20.33,0.297,3.126,5.717,14.6582211885,14.4716467926
2003-08-14,FLR,2.2434,0.044994,0.05352,0.58365,2.344,0.02,0.28,20.071,0.307,2.922,6.098,14.7259070583,15.5134325402
2003-11-14,FLR,2.120815,0.044124,-0.004876,0.578774,2.239,0.021,0.28,19.028,0.33,2.891,6.349,15.2240187095,16.4572979234
2004-03-15,FLR,2.364529,0.05142,-0.082272,0.496502,2.189,0.022,0.32,20.091,0.359,2.925,6.729,16.3500143646,15.9251714716
2004-05-10,FLR,2.063254,0.046726,0.049744,0.546246,2.141,0.023,0.29,16.334,0.348,2.709,6.976,15.8093052281,17.9486932236
2004-08-09,FLR,2.21445,0.04479,0.048317,0.594563,2.068,0.02,0.27,18.617,0.397,2.975,7.204,17.9831602293,19.321566729
2004-11-09,FLR,2.36267,0.047262,-0.033014,0.561549,2.068,0.02,0.29,19.808,0.418,3.067,7.513,19.4426508535,26.3430732084
2005-03-04,FLR,2.739903,0.047917,0.042968,0.604517,1.972,0.017,0.29,28.252,0.562,3.949,8.111,26.7421449579,23.0677010681
2005-05-05,FLR,2.859767,0.047393,0.038533,0.64305,1.941,0.017,0.28,24.285,0.447,3.181,8.546,22.8545944783,27.8997594265
2005-08-08,FLR,2.919942,-0.016432,0.045935,0.688985,1.943,-0.006,-0.1,43.87,0.509,3.978,8.184,27.8212668242,29.3414057456
2005-11-03,FLR,3.418525,0.131189,0.358327,1.047312,1.75,0.038,0.77,26.957,0.474,3.687,9.017,28.515072012,37.8117828777
2006-03-01,FLR,3.962817,0.065123,-0.258296,0.789016,1.805,0.016,0.38,33.754,0.583,4.705,9.612,38.4733795422,41.0292403326
2006-05-08,FLR,3.624876,0.088854,-0.135032,0.653984,1.831,0.025,0.52,30.544,0.589,4.786,9.982,41.1829901625,39.8233146032
2006-08-07,FLR,3.45643,0.066552,-0.06915,0.584834,1.688,0.019,0.39,22.405,0.545,4.402,10.376,39.6119802637,34.7963086012
2006-11-06,FLR,3.364036,0.027338,0.310213,0.895047,1.673,0.008,0.16,27.685,0.476,3.757,10.575,34.3947278678,37.3357718484
2007-03-01,FLR,3.633164,0.080708,0.081003,0.97605,1.817,0.022,0.46,28.62,0.536,4.357,10.022,37.8798187548,43.7762665877
2007-05-07,FLR,3.641804,0.084616,0.132209,1.108259,1.866,0.023,0.48,33.593,0.618,4.948,10.117,43.7762665877,51.7655938609
2007-08-07,FLR,4.221538,0.095564,0.345696,1.453955,1.808,0.023,0.55,35.809,0.695,5.488,10.786,51.889955648,68.4241341409
2007-11-07,FLR,4.115226,0.093676,0.116639,1.570594,1.779,0.023,0.54,36.184,0.822,6.428,11.428,64.5407464732,63.4674686233
2008-02-29,FLR,4.712465,0.259463,-0.39545,1.175144,1.548,0.055,1.49,23.132,0.739,5.424,12.99,62.0286707313,73.1685176324
2008-05-12,FLR,4.806981,0.138012,-0.045871,1.129273,1.566,0.029,0.79,25.151,0.826,6.135,13.689,74.2350100221,68.2045101505
2008-08-11,FLR,5.77357,0.20925,0.35631,1.485583,1.547,0.036,1.19,19.469,0.703,5.208,14.855,68.0793970553,33.7959490841
2008-11-06,FLR,5.673818,0.183099,0.02936,1.514943,1.41,0.032,1.03,7.816,0.294,2.252,15.377,30.4476881682,31.7179755438
2009-02-25,FLR,6.071525,0.190097,0.319381,1.834324,1.405,0.031,1.06,8.302,0.268,2.239,14.805,29.5812990141,40.7057582483
2009-05-11,FLR,5.797889,0.204799,-0.363998,1.470326,1.382,0.035,1.13,9.871,0.333,2.78,15.502,38.9394689818,52.5933399619
2009-08-10,FLR,5.292554,0.16927,-0.288432,1.181894,1.284,0.032,0.94,13.838,0.453,3.451,16.733,51.9428124791,41.1201862523
2009-11-09,FLR,5.420488,0.162096,0.146123,1.328017,1.25,0.03,0.9,11.832,0.381,2.755,17.439,43.4841440963,41.1314151977
2010-02-25,FLR,5.479366,0.148724,0.359011,1.687028,1.163,0.027,0.83,11.761,0.366,2.437,18.553,40.9224879562,41.8604425293
2010-05-10,FLR,4.918855,0.136635,-0.078039,1.608989,1.115,0.028,0.77,14.189,0.415,2.562,19.175,44.60255204,43.7108360314
2010-07-27,FLR,5.152121,0.157375,-0.171871,1.437118,1.05,0.031,0.88,14.512,0.419,2.487,19.8,44.852707401,45.3950376557
2010-11-04,FLR,5.511488,-0.053636,0.540027,1.977145,1.176,-0.01,-0.3,22.883,0.423,2.53,19.743,45.6148683465,64.7745889206
2011-02-23,FLR,5.266885,0.117122,0.157852,2.134997,1.169,0.022,0.66,33.775,0.579,3.453,19.694,62.7736167816,60.8726741134
2011-05-05,FLR,5.057776,0.139711,0.056668,2.191665,1.201,0.028,0.79,31.751,0.545,3.352,19.427,60.4037154458,55.5893308708
2011-08-04,FLR,6.033876,0.165499,-0.2457,1.945965,1.181,0.027,0.95,25.734,0.434,2.722,20.102,50.2920379887,51.3095039045
2011-11-03,FLR,6.037613,0.135362,0.440324,2.386289,1.464,0.022,0.79,17.828,0.444,3.017,19.209,54.0974618353,57.042887411
2012-02-22,FLR,6.252134,0.153156,-0.224878,2.161411,1.417,0.024,0.9,17.181,0.436,3.004,20.07,55.8492892803,53.6096933131
2012-05-03,FLR,6.290108,0.154882,-0.239125,1.922286,1.386,0.025,0.92,15.704,0.388,2.7,20.978,52.4501135131,46.5973462048
2012-08-02,FLR,7.128249,0.16119,-0.118717,1.803569,1.337,0.023,0.96,13.731,0.323,2.336,21.125,46.2808640293,52.3088056774
2012-11-01,FLR,7.136056,0.144583,0.347457,2.151026,1.358,0.02,0.87,15.642,0.358,2.609,22.081,54.0040418149,62.2631391422
2013-02-20,FLR,7.022722,-0.004325,0.003515,2.154541,1.451,-0.001,-0.01,22.913,0.379,3.129,20.286,60.4407117141,52.883403257
2013-05-02,FLR,7.185624,0.166458,-0.139741,2.0148,1.394,0.023,1.02,19.998,0.329,2.685,21.458,54.107774125,59.0680483032
2013-08-01,FLR,7.190328,0.161412,0.090276,2.105076,1.286,0.022,0.99,22.651,0.372,2.946,22.111,61.4096205505,71.9470000477
2013-10-31,FLR,6.684216,0.173046,0.432494,2.53757,1.261,0.026,1.06,24.415,0.432,3.196,23.282,70.252681799,75.565713824
2014-02-18,FLR,6.291405,0.166795,-0.253988,2.283582,1.183,0.027,1.03,19.243,0.47,3.42,23.174,76.0020164267,71.9943123266
2014-05-01,FLR,5.384636,0.149074,-0.141524,2.142058,1.126,0.028,0.93,18.485,0.471,3.257,23.036,71.8421446916,71.5662344492
2014-07-31,FLR,5.251664,0.07779,0.040751,2.182809,1.264,0.015,0.49,20.254,0.486,3.148,23.012,69.4966884904,62.6740920114
2014-10-30,FLR,5.440081,0.069502,-0.282612,1.900197,1.219,0.013,0.44,22.403,0.464,2.916,22.62,63.5253043094,55.2475292728
2015-02-18,FLR,5.455196,0.214543,0.092928,1.993125,1.598,0.039,1.37,17.093,0.406,2.807,20.209,56.7062099136,58.7222154309
2015-04-30,FLR,4.548649,0.144079,-0.181832,1.811293,1.44,0.032,0.98,17.424,0.426,2.872,20.772,57.9228150896,48.7135527339
2015-07-30,FLR,4.810106,0.148507,-0.087533,1.72376,1.392,0.031,1.02,12.794,0.364,2.367,21.309,49.2065853177,45.8591504421
2015-10-29,FLR,4.384612,0.171283,0.057639,1.781399,1.444,0.039,1.19,9.717,0.343,2.153,21.223,45.2084594045,45.2867593459
2016-02-18,FLR,4.370681,-0.051357,0.168487,1.949886,1.507,-0.012,-0.33,15.646,0.356,2.153,21.268,45.3160206593,53.1261685766
2016-05-05,FLR,4.423889,0.104323,-0.252395,1.697491,1.872,0.024,0.75,20.424,0.423,2.465,22.228,53.5768885608,52.0291922339
2016-08-04,FLR,4.856117,0.101813,-0.070437,1.627054,1.898,0.021,0.73,22.609,0.409,2.348,22.55,52.0783784621,50.8569280425
2016-11-03,FLR,4.766864,0.004804,0.15332,1.780374,1.952,0.001,0.03,45.191,0.392,2.322,22.307,51.1532395285,56.9663400218
2017-02-17,FLR,4.989655,0.070461,0.070062,1.850436,1.911,0.014,0.5,27.945,0.413,2.516,22.442,55.9549271964,51.2899001553
2017-05-04,FLR,4.835905,0.060611,0.117145,1.967581,1.805,0.013,0.43,29.757,0.364,2.196,23.098,50.3642334147,43.84
2017-08-03,FLR,4.716092,-0.024025,-0.147782,1.819799,1.86,-0.005,-0.17,54.858,0.318,1.931,22.727,43.86,40.06
