datekey,ticker,revenue,netinc,ncf,cashneq,de,netmargin,eps,pe,ps,pb,bvps,P0,P1
2001-08-08,HSY,0.898859,0.052439,-0.005183,0.021071,1.935,0.058,0.19,22.531,1.828,6.843,4.281,20.3902675005,23.4686001168
2001-11-07,HSY,1.304184,0.120762,0.028097,0.049168,1.909,0.093,0.45,24.801,2.038,7.352,4.569,23.4129461074,24.1717937354
2002-03-15,HSY,1.273917,-0.044951,0.084979,0.134147,1.831,-0.035,-0.17,45.477,2.067,8.212,4.187,24.133191858,23.901580594
2002-04-26,HSY,0.988506,0.087045,0.085879,0.220026,1.641,0.088,0.32,42.819,2.064,7.323,4.604,23.7015526842,25.7314697291
2002-08-07,HSY,0.823462,0.063148,-0.035236,0.18479,1.544,0.077,0.23,43.461,2.237,7.599,4.723,25.3402103949,22.8492040086
2002-11-12,HSY,1.152321,0.123065,-0.06493,0.11986,1.515,0.107,0.45,38.26,2.061,6.375,4.992,22.7146719739,23.422428429
2003-03-26,HSY,1.156028,0.13032,0.177883,0.297743,1.537,0.113,0.48,21.333,2.09,6.276,5.174,23.2257515491,23.7800227562
2003-05-08,HSY,0.953162,0.097558,-0.153667,0.144076,1.723,0.102,0.36,21.021,2.131,7.157,4.56,23.7263836071,25.6344622045
2003-08-06,HSY,0.849115,0.071484,-0.125378,0.018698,1.74,0.084,0.28,22.054,2.266,7.739,4.59,25.6308689241,28.0393126433
2003-11-05,HSY,1.191019,0.143604,0.011147,0.029845,1.976,0.121,0.55,22.686,2.422,8.177,4.703,27.9056200443,30.6767044891
2004-03-12,HSY,1.179255,0.144938,0.084948,0.114793,1.799,0.123,0.55,24.073,2.64,8.607,4.938,31.0124076903,32.4136036608
2004-05-12,HSY,1.013089,0.107147,0.120579,0.235372,1.759,0.106,0.41,24.606,2.716,8.709,5.081,32.3442736518,34.6293233082
2004-08-11,HSY,0.893688,0.147217,-0.215897,0.019475,1.743,0.165,0.58,22.596,2.868,9.327,5.026,34.9152131492,37.6465035026
2004-11-10,HSY,1.254508,0.166229,0.067914,0.087389,3.026,0.133,0.68,22.275,2.902,13.394,3.722,37.6980538791,47.8115058742
2005-03-07,HSY,1.267963,0.170286,-0.032552,0.054837,2.486,0.134,0.71,26.729,3.566,14.499,4.431,47.685334561,48.5388463858
2005-05-11,HSY,1.126414,0.118221,-0.036777,0.01806,2.862,0.105,0.49,26.746,3.544,16.586,3.878,48.9099384836,45.9927724036
2005-08-09,HSY,0.988447,0.097361,0.006652,0.024712,2.922,0.098,0.41,27.583,3.284,14.814,4.13,46.3353351514,41.1407918371
2005-11-09,HSY,1.36824,0.119475,0.013186,0.037898,3.718,0.087,0.5,26.332,2.801,13.92,3.853,41.2080886612,39.2143744672
2006-02-28,HSY,1.352873,0.158187,0.029285,0.067183,3.207,0.117,0.67,24.779,2.527,11.97,4.273,38.5956369828,40.7989460735
2006-05-10,HSY,1.132728,0.120968,-0.023243,0.04394,3.536,0.107,0.52,25.996,2.663,13.838,3.832,41.0856780785,39.7345525408
2006-08-09,HSY,1.052067,0.09844,-0.020455,0.023485,4.068,0.094,0.43,24.752,2.508,14.46,3.543,39.8179170417,40.6966513395
2006-11-08,HSY,1.413361,0.183665,0.02415,0.047635,4.491,0.13,0.81,21.971,2.491,14.852,3.493,40.51384774,40.9442133384
2007-02-23,HSY,1.346074,0.155988,0.049506,0.097141,5.083,0.116,0.68,21.913,2.478,17.926,2.962,40.8518753268,42.3138938448
2007-05-10,HSY,1.153109,0.093473,-0.036658,0.060483,5.452,0.081,0.37,22.76,2.437,19.491,2.656,40.7287579779,36.3689021365
2007-08-08,HSY,1.051916,0.003554,-0.021661,0.038822,6.441,0.003,0.01,25.324,2.228,19.357,2.463,37.5059137516,32.30449753
2007-11-07,HSY,1.399469,0.062784,0.002751,0.041573,7.231,0.045,0.26,29.291,1.868,17.15,2.341,31.7128970933,28.229761129
2008-02-19,HSY,1.342222,0.054343,0.087625,0.129198,6.111,0.04,0.23,39.327,1.703,14.204,2.608,29.061201718,30.293639451
2008-05-07,HSY,1.160342,0.063245,0.023677,0.152875,5.805,0.055,0.26,46.92,1.742,14.597,2.582,30.0564143965,29.9754108785
2008-08-06,HSY,1.105437,0.041467,-0.107448,0.045427,5.643,0.038,0.17,41.17,1.824,15.031,2.657,32.0720952032,30.7207443362
2008-11-05,HSY,1.489609,0.124538,0.090205,0.135632,6.156,0.084,0.51,29.352,1.633,13.56,2.127,29.4510928569,28.390705516
2009-02-20,HSY,1.37738,0.082155,-0.098529,0.037103,10.323,0.06,0.33,25.25,1.532,24.711,1.402,28.0746228683,29.1971677698
2009-05-13,HSY,1.236031,0.075894,0.033833,0.070936,8.937,0.061,0.31,24.675,1.535,22.904,1.529,28.796534552,31.6461061088
2009-08-13,HSY,1.171183,0.071298,-0.042168,0.028768,7.268,0.061,0.29,24.9,1.671,21.093,1.828,31.984170296,31.6508868586
2009-11-12,HSY,1.484118,0.162023,0.090485,0.119253,5.252,0.109,0.66,21.982,1.633,14.409,2.601,31.3850526383,32.52103519
2010-02-19,HSY,1.407336,0.126779,0.134352,0.253605,4.046,0.09,0.51,20.895,1.719,12.645,3.161,33.475811912,40.4274740611
2010-05-12,HSY,1.407843,0.147394,0.050181,0.303786,3.868,0.105,0.6,21.474,1.992,14.488,3.277,40.4950220545,39.3960904812
2010-08-11,HSY,1.233242,0.046723,-0.054716,0.24907,4.141,0.038,0.19,21.681,1.892,15.014,3.028,39.1920537588,41.2191399142
2010-11-10,HSY,1.547115,0.180169,-0.004123,0.244947,3.658,0.116,0.74,21.754,1.948,13.184,3.587,41.0137289179,43.1566358834
2011-02-18,HSY,1.482809,0.135513,0.639695,0.884642,3.696,0.091,0.55,22.44,2.017,12.679,3.97,43.3720743613,49.1433263448
2011-05-11,HSY,1.564223,0.160115,-0.132376,0.752266,3.8,0.102,0.65,24.267,2.176,14.485,3.803,48.7875925206,49.1015774934
2011-08-10,HSY,1.325171,0.130019,0.038031,0.790297,3.227,0.098,0.53,20.55,2.103,12.299,4.395,47.7919692744,51.3281511208
2011-11-04,HSY,1.624249,0.196695,-0.497958,0.292339,3.423,0.121,0.81,20.839,2.163,13.98,4.036,50.5991578725,53.4450596958
2012-02-17,HSY,1.567145,0.142133,0.401347,0.693686,4.169,0.091,0.59,21.822,2.257,16.166,3.765,53.780858682,60.2381943239
2012-05-09,HSY,1.732064,0.198651,-0.126347,0.567339,4.317,0.115,0.82,22.764,2.432,17.662,3.763,60.4160455029,64.0485433869
2012-08-08,HSY,1.414444,0.135685,0.022443,0.589782,3.366,0.096,0.56,24.132,2.563,15.263,4.651,64.1826858263,62.4872842009
2012-11-07,HSY,1.746709,0.176716,-0.123547,0.466235,3.812,0.101,0.73,23.78,2.404,15.829,4.292,62.5592016622,72.9859067176
2013-02-22,HSY,1.751035,0.149879,0.262037,0.728272,3.575,0.086,0.62,27.541,2.74,17.557,4.627,73.8311980407,81.1297887125
2013-05-08,HSY,1.827426,0.241906,0.001824,0.730096,3.392,0.132,1.0,28.251,2.952,18.078,4.833,80.8207574761,89.2101648688
2013-08-07,HSY,1.508514,0.159504,-0.161736,0.56836,3.216,0.106,0.66,29.735,3.168,19.47,4.901,88.5709273275,91.0948062885
2013-11-01,HSY,1.853886,0.232985,0.132968,0.701328,2.784,0.126,0.96,28.285,3.196,16.567,5.901,91.0672685599,99.3703744617
2014-02-21,HSY,1.956253,0.186075,0.41718,1.118508,2.331,0.095,0.77,29.378,3.373,15.02,7.171,99.8085967982,89.0029492711
2014-05-02,HSY,1.871813,0.252495,-0.112412,1.006096,2.342,0.135,1.04,25.988,3.004,13.452,7.071,89.8740735143,82.0992267769
2014-08-01,HSY,1.57835,0.168168,-0.443495,0.562601,2.314,0.107,0.78,23.537,2.722,12.791,6.966,82.9840170825,88.8254948024
2014-10-31,HSY,1.961578,0.223741,-0.085513,0.477088,2.791,0.114,1.03,25.508,2.875,13.72,6.99,89.8465851772,99.8033144623
2015-02-20,HSY,2.010027,0.202508,-0.102234,0.374854,2.825,0.101,0.57,27.962,3.191,16.275,6.589,101.018475158,87.0244087679
2015-05-01,HSY,1.9378,0.244737,-0.069164,0.30569,3.486,0.126,1.04,24.433,2.738,16.194,5.78,88.6149332101,87.7859865051
2015-08-07,HSY,1.578825,-0.099941,-0.003031,0.302659,3.661,-0.063,-0.42,34.473,2.629,17.114,5.243,85.4342361074,85.2527161994
2015-10-30,HSY,1.960779,0.154771,0.041254,0.343913,5.282,0.079,0.66,38.296,2.568,21.638,4.099,84.9939680724,89.2834711303
2016-02-26,HSY,1.909222,0.213384,0.002616,0.346529,4.306,0.112,0.92,38.251,2.656,19.66,4.609,88.0016114186,89.0115614944
2016-04-29,HSY,1.828812,0.229832,-0.060571,0.285958,5.324,0.126,0.99,39.89,2.73,23.895,3.897,90.4196649656,105.73986556
2016-07-28,HSY,1.637671,0.145956,-0.035773,0.250185,6.584,0.089,0.64,31.909,3.236,32.61,3.415,108.828302339,93.8572707323
2016-10-28,HSY,2.003454,0.227403,0.083148,0.333333,5.476,0.114,0.99,26.614,2.945,24.27,4.219,100.628044425,106.060174274
2017-02-21,HSY,1.970244,0.116853,-0.036366,0.296967,5.976,0.059,0.52,32.002,3.097,29.322,3.7,107.276528721,106.796649027
2017-04-28,HSY,1.879678,0.125044,-0.061936,0.235031,5.417,0.067,0.55,37.421,3.073,27.737,3.901,107.612194307,106.45
2017-07-28,HSY,1.662991,0.203501,-0.020969,0.214062,5.273,0.122,0.89,33.493,2.998,26.346,4.026,106.07,104.86
