datekey,ticker,revenue,netinc,ncf,cashneq,de,netmargin,eps,pe,ps,pb,bvps,P0,P1
2001-08-14,HUM,2.479,0.025,,0.603,1.93,0.01,0.15,,,1.315,8.403,10.4046338497,11.5063009632
2001-11-14,HUM,2.611,0.03,-0.011,0.592,1.851,0.011,0.18,,,1.407,8.678,11.496885005,12.4949765779
2002-03-28,HUM,2.622886,0.035171,0.059858,0.65142,1.92,0.013,0.21,19.499,0.224,1.515,8.93,12.739791492,15.0843650925
2002-05-10,HUM,2.732582,0.04677,-0.165538,0.485882,1.777,0.017,0.28,19.463,0.255,1.72,9.157,14.8301342202,11.817027585
2002-08-09,HUM,2.83194,0.045359,-0.035182,0.4507,1.69,0.016,0.28,13.707,0.2,1.33,9.564,11.977098875,10.2916423509
2002-11-12,HUM,2.841627,0.052331,-0.074964,0.375736,1.626,0.018,0.32,10.12,0.165,1.09,10.09,10.3575540585,8.99224011447
2003-03-21,HUM,2.855032,-0.001705,0.345621,0.721357,1.863,-0.001,-0.01,11.307,0.143,1.005,9.993,9.45362206798,11.5910445873
2003-05-14,HUM,2.931716,0.03123,-0.188705,0.532652,1.733,0.011,0.2,15.834,0.176,1.243,10.033,11.7416999191,18.5776855977
2003-11-05,HUM,3.111765,0.062119,,0.635837,1.7,0.02,0.39,,,1.814,10.92,18.6530132636,20.6115325765
2004-03-05,HUM,3.152872,0.066309,0.295567,0.931404,1.883,0.021,0.41,15.571,0.292,1.942,11.325,20.7056921589,15.1596927584
2004-05-07,HUM,3.286949,0.06783,-0.513757,0.417647,1.764,0.021,0.42,,,1.34,11.822,14.9148778443,16.6850779925
2004-08-06,HUM,3.431478,0.080753,-0.214011,0.203636,1.792,0.024,0.5,10.225,0.218,1.48,12.005,16.7321577837,21.2141539036
2004-11-05,HUM,3.176273,0.084303,0.171454,0.37509,1.676,0.027,0.53,11.934,0.274,1.766,12.684,21.0917464465,31.9860101244
2005-03-02,HUM,3.209625,0.047126,0.204989,0.580079,1.707,0.015,0.3,19.59,0.419,2.624,12.997,32.1178335397,33.0688453215
2005-05-05,HUM,3.387225,0.109795,-0.019815,0.560264,1.796,0.032,0.68,17.577,0.429,2.573,13.593,32.9276059479,40.9688342807
2005-08-05,HUM,3.546361,0.084137,0.043526,0.60379,1.71,0.024,0.52,20.986,0.513,2.948,14.261,39.5846884201,40.460372536
2005-11-07,HUM,3.821461,0.049944,0.375146,0.978936,1.888,0.013,0.31,24.519,0.511,3.016,14.534,41.2701449442,47.9648912493
2006-03-03,HUM,3.66308,0.064607,-0.24692,0.732016,1.777,0.018,0.4,26.954,0.577,3.361,15.133,47.8895635834,42.4848035565
2006-05-03,HUM,4.704365,0.083715,1.111389,1.843405,2.387,0.018,0.51,24.365,0.437,2.68,15.595,39.3492894642,55.2622588815
2006-08-03,HUM,5.407169,0.089489,0.415059,2.258464,2.7,0.017,0.55,33.305,0.545,3.605,16.108,54.6690535127,55.083355675
2006-11-07,HUM,5.649784,0.159198,-1.07723,1.181234,2.442,0.028,0.97,24.557,0.502,3.371,17.401,55.2245950485,58.6708357626
2007-02-23,HUM,5.655219,0.155021,0.55907,1.740304,2.316,0.027,0.94,20.817,0.474,3.323,18.317,57.3055218185,60.4786997437
2007-05-03,HUM,6.204813,0.071241,1.953755,3.694059,3.022,0.011,0.43,22.456,0.465,3.376,18.803,59.7630869178,64.0096840818
2007-08-03,HUM,6.426797,0.216846,0.02671,3.720769,2.951,0.034,1.3,18.219,0.458,3.251,20.025,61.2978881101,71.146980424
2007-10-29,HUM,6.319584,0.302378,-1.135099,2.58567,2.229,0.048,1.81,16.762,0.508,3.342,22.067,69.4426919834,64.8477043647
2008-02-25,HUM,6.338795,0.243219,-0.545217,2.040453,2.197,0.038,1.45,14.115,0.465,2.921,23.675,65.1113511953,43.6712142941
2008-04-29,HUM,6.959704,0.08017,-0.352166,1.688287,2.149,0.012,0.48,9.627,0.311,2.002,23.949,45.1401037788,42.0328375612
2008-08-04,HUM,7.350862,0.209896,-0.513645,1.174642,2.078,0.029,1.26,9.461,0.293,1.881,24.89,44.0761004982,27.8618204175
2008-11-03,HUM,7.14817,0.183008,0.368258,1.5429,1.942,0.026,1.1,7.853,0.202,1.317,25.313,31.3928047556,38.539517056
2009-02-20,HUM,7.487636,0.17408,0.427523,1.970423,1.926,0.023,1.04,10.578,0.236,1.536,26.397,38.1722946849,25.7620617311
2009-04-27,HUM,7.711661,0.205717,-0.059221,1.911202,1.913,0.027,1.23,6.421,0.167,1.062,27.534,27.5416778375,30.9314228021
2009-08-03,HUM,7.898889,0.28178,-0.326093,1.585109,1.705,0.036,1.68,6.782,0.189,1.132,29.815,31.7882750015,34.8484614279
2009-11-03,HUM,7.716819,0.301519,-0.133103,1.452006,1.56,0.039,1.8,6.643,0.208,1.153,32.669,35.4699146714,43.5017270459
2010-02-19,HUM,7.633045,0.250659,0.161582,1.613588,1.45,0.033,1.49,7.425,0.249,1.337,33.932,42.7013705959,41.0159140718
2010-04-27,HUM,8.440594,0.258768,0.200405,1.813993,1.499,0.031,1.54,6.786,0.234,1.219,35.754,41.0253300301,44.2738356212
2010-08-02,HUM,8.652721,0.340076,0.184989,1.998982,1.422,0.039,2.02,7.165,0.254,1.273,38.284,45.8839644794,54.8856205521
2010-11-01,HUM,8.424648,0.393221,0.92387,2.922852,1.362,0.047,2.35,7.948,0.298,1.423,41.225,55.2528429232,58.1717899761
2011-02-18,HUM,8.350245,0.107325,-1.249715,1.673137,1.326,0.013,0.65,9.419,0.306,1.496,41.081,57.8516473961,72.0132485816
2011-05-03,HUM,9.190718,0.315176,0.082904,1.756041,1.374,0.034,1.88,10.988,0.367,1.757,42.917,71.0151570087,70.4368882811
2011-08-01,HUM,9.284131,0.460287,-0.188217,1.567824,1.319,0.05,2.76,9.461,0.342,1.591,45.476,68.3402150177,76.134896805
2011-10-31,HUM,9.300643,0.44476,2.451581,4.019405,1.532,0.048,2.71,10.455,0.384,1.766,48.06,80.4367316712,83.4124150166
2012-02-24,HUM,9.056508,0.198777,-2.642268,1.377,1.196,0.022,1.24,10.289,0.396,1.811,49.149,84.5717126507,83.6857881121
2012-04-30,HUM,10.219,0.248,2.279,3.656,1.514,0.024,1.51,9.739,0.348,1.599,50.46,76.8819105544,58.8919987988
2012-08-01,HUM,9.699,0.356,0.213,3.869,1.467,0.037,2.19,8.284,0.27,1.222,52.284,61.1004487537,72.1720246491
2012-11-05,HUM,9.651,0.426,-2.506,1.363,1.163,0.044,2.65,9.724,0.309,1.375,54.929,72.4695027456,69.9819903379
2013-02-22,HUM,9.557,0.192,-0.057,1.306,1.258,0.02,1.22,9.15,0.286,1.264,55.867,68.0169076085,71.6666485928
2013-05-01,HUM,10.486,0.473,0.092,1.398,1.289,0.045,2.97,8.442,0.31,1.333,58.183,75.0029046668,86.5940849567
2013-07-31,HUM,10.321,0.42,0.121,1.519,1.233,0.041,2.66,9.45,0.357,1.53,59.663,88.5343512565,91.4064202053
2013-11-06,HUM,10.319,0.368,-0.264,1.255,1.176,0.036,2.34,10.287,0.367,1.556,61.611,93.2744385852,99.8008872803
2014-02-19,HUM,10.187,-0.03,-0.117,1.138,1.226,-0.003,-0.17,12.761,0.38,1.686,60.48,99.4789804012,107.355486306
2014-05-07,HUM,11.712,0.368,0.524,1.662,1.32,0.031,2.37,16.365,0.433,1.895,62.829,116.410152516,124.965527751
2014-07-30,HUM,12.222,0.344,-0.069,1.593,1.312,0.028,2.22,17.679,0.418,1.856,64.828,117.929357038,137.359479885
2014-11-07,HUM,12.238,0.29,1.112,2.705,1.403,0.024,1.87,20.599,0.432,1.978,66.032,128.236225663,152.37515458
2015-02-18,HUM,12.328,0.145,-0.77,1.935,1.433,0.012,0.98,20.269,0.479,2.41,64.475,152.906489873,178.485032336
2015-04-29,HUM,13.833,0.43,0.011,1.946,1.551,0.031,2.86,20.819,0.497,2.506,67.058,165.614321042,182.115353965
2015-07-29,HUM,13.732,0.431,0.304,2.25,1.518,0.031,2.88,21.08,0.524,2.709,68.062,182.006787474,177.010895603
2015-11-06,HUM,13.363,0.314,-0.653,1.597,1.347,0.023,2.11,19.902,0.493,2.538,69.847,175.221508722,166.664511144
2016-02-18,HUM,13.361,0.101,0.974,2.571,1.388,0.008,0.69,19.497,0.458,2.405,69.762,166.109986004,175.473751982
2016-05-04,HUM,13.8,0.234,0.23,2.801,1.559,0.017,1.57,24.246,0.483,2.488,70.62,174.253875675,168.440908133
2016-08-03,HUM,14.007,0.311,-0.372,2.429,1.505,0.022,2.08,26.938,0.474,2.378,72.947,172.324873167,164.477513832
2016-11-04,HUM,13.694,0.45,4.34,6.769,1.611,0.033,3.01,22.776,0.455,2.212,75.687,166.576888063,207.988529363
2017-02-17,HUM,12.878,-0.401,-2.892,3.877,1.377,-0.031,-2.69,49.758,0.562,2.859,71.556,203.863433495,225.2242505
2017-05-03,HUM,13.762,1.115,4.548,8.425,2.099,0.081,7.54,21.918,0.595,3.159,70.914,223.646882079,230.77
2017-08-02,HUM,13.534,0.65,-0.286,8.139,1.945,0.048,4.49,19.207,0.647,3.181,75.79,241.09,245.93
