datekey,ticker,revenue,netinc,ncf,cashneq,de,netmargin,eps,pe,ps,pb,bvps,P0,P1
2001-08-13,JEC,1.041417,0.02252,0.002374,0.099931,1.711,0.022,0.21,18.838,0.41,2.824,5.218,14.6160798393,16.6243961531
2001-12-21,JEC,0.976525,0.02358,-0.050668,0.049263,1.631,0.024,0.22,20.276,0.45,3.007,5.5,16.401249896,15.9450397704
2002-01-10,JEC,0.976525,0.02358,-0.050668,0.049263,1.631,0.024,0.22,19.525,0.433,2.895,5.5,15.7937961962,15.6648672476
2002-02-13,JEC,1.028186,0.02587,-0.004258,0.045005,1.613,0.025,0.24,18.148,0.418,2.769,5.694,15.6351144133,20.3311034236
2002-05-14,JEC,1.146611,0.02688,0.009126,0.054131,1.407,0.023,0.25,22.538,0.531,3.441,5.958,20.3311034236,16.7508456988
2002-08-12,JEC,1.169122,0.02792,-0.003842,0.050289,1.404,0.024,0.26,17.484,0.422,2.671,6.273,16.6169579445,17.2318498529
2002-12-27,JEC,1.211742,0.02902,-0.00182,0.048469,1.427,0.024,0.27,17.037,0.41,2.71,6.292,16.9095274816,18.3525399441
2003-02-13,JEC,1.21868,0.03014,0.008789,0.057258,1.292,0.025,0.28,17.541,0.421,2.767,6.588,18.0748468242,21.0302950292
2003-05-13,JEC,1.202606,0.03148,0.019626,0.076884,1.157,0.026,0.28,19.671,0.486,3.027,6.962,20.9013660806,22.1311498975
2003-08-14,JEC,1.131105,0.03286,0.033095,0.109979,1.048,0.029,0.29,20.038,0.519,3.051,7.314,22.1311498975,23.5791211657
2003-12-29,JEC,1.06321,0.03353,0.016176,0.126155,0.984,0.032,0.3,20.999,0.582,3.192,7.536,23.8568142856,21.4121230691
2004-02-17,JEC,1.135129,0.0338,0.034437,0.160592,0.953,0.03,0.3,18.394,0.534,2.747,7.882,21.4716287376,20.083163138
2004-05-13,JEC,1.123884,0.034775,0.0114,0.171992,0.916,0.031,0.31,17.357,0.526,2.531,8.225,20.6435081835,18.5013041155
2004-08-13,JEC,1.119536,0.02993,0.00131,0.173302,0.879,0.027,0.27,15.875,0.472,2.19,8.495,18.4517160584,22.8948059773
2004-12-13,JEC,1.215686,0.03047,-0.073227,0.100075,1.061,0.025,0.27,20.251,0.568,2.599,8.858,22.830341503,25.8849658223
2005-02-08,JEC,1.2833,0.03253,0.068656,0.168731,1.123,0.025,0.28,23.133,0.623,2.842,9.139,25.7609956794,25.3147031653
2005-05-09,JEC,1.383195,0.03566,-0.013588,0.155143,1.065,0.026,0.32,23.403,0.602,2.76,9.505,26.0138947708,29.8272163642
2005-08-09,JEC,1.449047,0.04005,0.046597,0.20174,1.026,0.028,0.35,24.986,0.65,3.04,9.854,29.7082050271,32.7529117349
2005-12-13,JEC,1.519459,0.04278,0.038109,0.239849,1.064,0.028,0.38,25.611,0.686,3.391,9.803,32.9661403805,41.1580874186
2006-02-09,JEC,1.683458,0.043025,0.031313,0.271162,1.049,0.026,0.37,30.114,0.806,3.988,10.444,41.3068515899,41.9514963326
2006-05-02,JEC,1.83245,0.0445,0.096284,0.367446,1.084,0.024,0.38,29.502,0.775,3.921,10.935,42.5267177954,40.4886486473
2006-07-31,JEC,1.926071,0.050632,-0.027895,0.339551,1.115,0.026,0.43,26.991,0.702,3.67,11.308,41.1531286128,42.0457136412
2006-12-08,JEC,1.979291,0.058726,0.094516,0.434067,1.005,0.03,0.5,25.025,0.664,3.462,12.048,41.3663572585,44.7532215605
2007-01-30,JEC,2.018508,0.061262,0.050446,0.484513,0.983,0.03,0.52,24.765,0.687,3.554,12.67,44.6639630577,51.6310850846
2007-04-26,JEC,2.091704,0.067226,-0.003636,0.480877,0.917,0.032,0.57,26.135,0.776,3.936,13.244,51.7005083646,62.0346594706
2007-07-26,JEC,2.083689,0.07475,-0.007763,0.473114,0.896,0.036,0.63,27.87,0.893,4.36,13.957,60.3486655282,80.9277092374
2007-11-29,JEC,2.280069,0.083892,0.140238,0.613352,0.838,0.037,0.7,34.329,1.163,5.346,15.259,80.9078740146,79.1425391807
2008-01-25,JEC,2.471817,0.09837,-0.214572,0.39878,0.842,0.04,0.82,28.884,1.049,4.704,16.406,76.5441249871,86.4716540247
2008-04-25,JEC,2.664794,0.099312,-0.006268,0.392512,0.838,0.037,0.82,30.495,1.144,5.152,17.315,88.4750115328,77.287945844
2008-07-25,JEC,2.918927,0.108677,0.143711,0.536223,0.803,0.037,0.89,24.853,0.938,4.355,18.191,78.5772353294,37.1315371795
2008-11-26,JEC,3.196621,0.114383,0.068197,0.60442,0.906,0.036,0.93,12.355,0.462,2.315,18.273,41.9614139441,39.7696218189
2009-01-28,JEC,3.232653,0.11635,0.183446,0.787866,0.829,0.036,0.95,12.148,0.444,2.27,19.079,42.9432574753,40.0572325503
2009-04-29,JEC,2.975452,0.109287,-0.015214,0.772652,0.69,0.037,0.89,11.005,0.401,1.998,20.019,39.6704457046,39.2439884133
2009-07-30,JEC,2.706724,0.0949,0.286818,1.05947,0.694,0.035,0.77,11.416,0.41,1.903,21.055,39.7398689846,36.258787374
2009-11-20,JEC,2.552547,0.079317,-0.025851,1.033619,0.688,0.031,0.65,11.378,0.397,1.736,21.074,36.2885402083,39.0952242419
2010-01-28,JEC,2.477785,0.072437,0.021419,1.055038,0.72,0.029,0.59,13.328,0.443,1.745,21.816,37.7662643108,47.9814040798
2010-04-29,JEC,2.586974,0.0775,-0.215981,0.839057,0.655,0.03,0.63,19.272,0.605,2.226,22.45,49.5583042965,35.6835659113
2010-07-30,JEC,2.507725,0.019043,0.102623,0.94168,0.655,0.008,0.15,18.518,0.454,1.635,22.365,36.2687049855,39.2935764704
2010-11-23,JEC,2.343033,0.076994,-0.002838,0.938842,0.636,0.033,0.62,19.999,0.496,1.721,22.673,38.6886021734,49.0822589481
2011-01-26,JEC,2.356175,0.065823,0.100841,1.039683,0.662,0.028,0.53,27.99,0.684,2.273,23.321,52.5732581701,48.4376142054
2011-04-29,JEC,2.558016,0.08025,-0.291772,0.747911,0.851,0.031,0.64,25.984,0.644,2.069,23.979,49.2012702852,38.8373663448
2011-07-29,JEC,2.744178,0.090676,0.025908,0.773819,0.919,0.033,0.72,15.912,0.499,1.589,24.632,38.817531122,40.354760893
2011-11-21,JEC,2.723295,0.09428,0.131814,0.905633,0.823,0.035,0.74,15.355,0.49,1.534,25.856,39.3431645276,44.9069445376
2012-01-27,JEC,2.631768,0.08971,0.053604,0.959237,0.777,0.034,0.71,16.361,0.545,1.688,26.765,44.8176860348,41.5151214299
2012-05-02,JEC,2.702851,0.083933,-0.03773,0.921507,0.781,0.031,0.66,15.04,0.499,1.521,27.478,41.4556157613,38.0340398193
2012-08-02,JEC,2.772874,0.0979,-0.022919,0.898588,0.764,0.035,0.77,13.594,0.459,1.36,28.184,38.0142045965,39.3729173618
2012-11-20,JEC,2.786285,0.107411,0.133869,1.032457,0.828,0.039,0.84,13.538,0.471,1.378,28.618,39.1150594648,45.9582113488
2013-01-24,JEC,2.759641,0.09901,0.209288,1.241745,0.801,0.036,0.77,15.79,0.556,1.601,29.375,46.6425265372,50.0641024792
2013-05-01,JEC,2.835084,0.104401,-0.075538,1.166207,0.729,0.037,0.81,15.687,0.575,1.621,30.242,48.616131211,58.7122596429
2013-08-01,JEC,3.080995,0.108871,0.12931,1.295517,0.716,0.035,0.84,19.261,0.705,1.976,31.123,60.9833926594,59.5750918369
2013-11-22,JEC,3.142656,0.110811,-0.039112,1.256405,0.718,0.035,0.85,18.707,0.67,1.879,31.987,59.5949270598,64.067769813
2014-01-24,JEC,3.068891,0.093732,-0.245169,1.011236,0.944,0.031,0.72,19.889,0.685,1.922,32.774,62.4809519848,57.6014871631
2014-05-02,JEC,3.176033,0.08346,-0.31998,0.691256,0.854,0.026,0.64,18.923,0.602,1.699,33.414,56.3121976777,50.3913836563
2014-08-01,JEC,3.231791,0.064842,0.081357,0.772613,0.844,0.02,0.5,19.047,0.533,1.493,33.828,50.0938553135,48.6756368796
2014-11-24,JEC,3.218442,0.086074,-0.039966,0.732647,0.883,0.027,0.65,18.904,0.489,1.388,34.233,47.1185718857,37.7860995337
2015-02-02,JEC,3.187005,0.100079,-0.062566,0.670081,0.849,0.031,0.78,15.287,0.399,1.152,34.591,39.5216815332,42.5068825725
2015-05-01,JEC,2.903332,0.081967,-0.205131,0.46495,0.806,0.028,0.65,16.124,0.428,1.229,34.787,42.3977888468,42.5564706296
2015-07-31,JEC,2.907541,0.091062,0.088611,0.553561,0.818,0.031,0.74,14.517,0.427,1.198,35.162,41.772979327,43.1812801495
2015-11-24,JEC,3.116954,0.029863,-0.092702,0.460859,0.799,0.01,0.25,17.787,0.445,1.256,35.018,43.6077374408,38.3414857735
2016-02-03,JEC,2.847934,0.046514,-0.017134,0.443725,0.754,0.016,0.38,18.351,0.389,1.063,35.136,37.0422786767,44.0837827893
2016-05-05,JEC,2.781763,0.06525,0.115997,0.559722,0.749,0.023,0.54,24.412,0.487,1.298,35.891,46.2061516345,52.9501274043
2016-08-09,JEC,2.693873,0.069055,0.056669,0.616391,0.663,0.026,0.58,32.028,0.59,1.525,36.438,55.1121666952,57.5221462717
2016-11-22,JEC,2.640587,0.029644,0.039325,0.655716,0.71,0.011,0.25,34.034,0.653,1.679,35.323,58.83127098,58.3155551858
2017-02-08,JEC,2.551604,0.060536,0.08083,0.736546,0.731,0.024,0.5,30.542,0.643,1.684,33.618,56.1634335063,54.3988078021
2017-05-09,JEC,2.302567,0.050018,-0.06195,0.674596,0.708,0.022,0.41,32.182,0.661,1.637,34.168,55.6019252841,52.48
