datekey,ticker,revenue,netinc,ncf,cashneq,de,netmargin,eps,pe,ps,pb,bvps,P0,P1
2001-08-15,JNJ,8.342,1.482,,4.722,0.59,0.178,0.49,,,7.83,7.497,37.4532288027,38.9103883094
2001-11-13,JNJ,8.238,1.529,0.344,5.066,0.561,0.186,0.5,,,7.661,7.809,39.3257313225,43.441634267
2002-03-20,JNJ,,,-1.308,3.758,0.588,,,34.67,5.954,8.109,7.953,42.7783019374,41.0204712639
2002-05-14,JNJ,8.743,1.834,-0.321,3.437,0.614,0.21,0.6,,,7.748,7.798,40.4898054002,36.2788315946
2002-08-12,JNJ,9.073,1.654,-0.831,2.606,0.752,0.182,0.55,,,7.418,7.289,36.3254197108,40.0806499771
2002-11-12,JNJ,9.079,1.725,0.555,3.161,0.751,0.19,0.58,,,8.073,7.345,40.0940101937,37.9485260343
2003-03-18,JNJ,9.403,1.384,-0.267,2.894,0.787,0.147,0.47,25.562,4.646,7.43,7.642,38.2109825896,37.3495867157
2003-05-14,JNJ,9.821,2.07,0.167,3.061,0.747,0.211,0.7,24.049,4.397,6.837,8.097,37.2486418868,37.2486418868
2003-05-15,JNJ,9.821,2.07,0.167,3.061,0.747,0.211,0.7,24.088,4.404,6.848,8.097,37.3092087842,34.9751135977
2003-08-11,JNJ,10.332,1.21,-0.093,2.968,0.868,0.117,0.41,24.008,3.97,6.277,8.234,34.9278042653,33.3265445475
2003-11-12,JNJ,10.455,2.072,0.882,3.85,0.813,0.198,0.7,21.812,3.672,5.708,8.672,33.6117350265,35.4702240298
2004-03-11,JNJ,11.254,1.845,1.527,5.377,0.796,0.164,0.61,21.076,3.623,5.645,9.053,35.018024921,37.546229029
2004-05-05,JNJ,11.559,2.493,0.26,5.637,0.715,0.216,0.84,21.069,3.682,5.634,9.601,37.0529209104,38.2383865256
2004-08-03,JNJ,11.484,2.458,0.044,5.681,0.669,0.214,0.83,18.552,3.676,5.475,10.125,38.1764006685,40.1791145311
2004-11-03,JNJ,11.553,2.341,1.667,7.348,0.653,0.203,0.79,19.31,3.848,5.599,10.617,41.1552094913,47.3706780191
2005-03-15,JNJ,12.752,1.217,1.855,9.203,0.676,0.095,0.41,23.506,4.224,6.287,10.698,46.9795311643,47.6151448033
2005-05-10,JNJ,12.832,2.927,-0.664,8.539,0.618,0.228,0.98,22.52,4.142,5.984,11.323,47.3078151317,44.9363842708
2005-08-10,JNJ,12.762,2.676,3.617,12.156,0.551,0.21,0.9,20.733,3.806,5.401,11.827,44.8170592891,42.9542109266
2005-11-07,JNJ,12.31,2.625,2.669,14.825,0.535,0.213,0.88,19.349,3.608,4.96,12.387,43.3422663801,42.143538666
2006-03-14,JNJ,12.61,2.183,1.23,16.055,0.532,0.173,0.74,16.942,3.492,4.657,12.73,42.2933379741,41.6299410384
2006-05-10,JNJ,12.992,3.305,0.767,16.822,0.511,0.254,1.11,16.006,3.408,4.199,13.825,41.6014078369,45.4123691417
2006-08-08,JNJ,13.363,2.82,-2.175,14.647,0.497,0.211,0.96,17.005,3.626,4.563,13.792,45.6205181389,49.6029299954
2006-11-08,JNJ,13.287,2.76,-0.156,14.491,0.509,0.208,0.95,17.811,3.773,4.859,13.895,49.08314962,47.5258147327
2007-02-21,JNJ,13.682,2.168,-10.408,4.083,0.794,0.158,0.74,17.019,3.528,4.784,13.586,47.1918416992,46.8177673422
2007-05-10,JNJ,15.037,2.573,1.092,5.175,0.785,0.171,0.89,17.54,3.27,4.423,14.141,45.6420286834,45.6316935104
2007-08-08,JNJ,15.131,3.081,0.396,5.571,0.732,0.204,1.06,17.093,3.166,4.195,14.895,45.9330626203,47.7210664673
2007-11-06,JNJ,14.97,2.548,1.069,6.64,0.805,0.17,0.88,17.83,3.143,4.243,15.089,47.8098636137,47.8529315439
2008-02-26,JNJ,15.957,2.374,1.13,7.77,0.869,0.149,0.84,17.066,2.954,4.167,15.293,47.7555019261,50.6484121181
2008-05-07,JNJ,16.194,3.598,2.769,10.539,0.885,0.222,1.27,16.254,3.029,4.133,16.109,50.1462748568,51.3970595006
2008-08-04,JNJ,16.45,3.327,2.107,12.646,0.898,0.202,1.18,16.271,3.032,4.151,16.526,52.0612212093,46.4565399264
2008-11-04,JNJ,15.921,3.31,1.372,14.018,0.918,0.208,1.19,13.619,2.661,3.755,16.264,47.0110408117,42.8188029695
2009-02-20,JNJ,15.182,2.714,-3.25,10.768,0.997,0.179,0.98,11.673,2.371,3.556,15.37,42.1910286367,41.5039286278
2009-05-05,JNJ,15.026,3.507,1.821,12.589,0.966,0.233,1.27,11.65,2.394,3.421,15.832,41.9671421169,47.5908969963
2009-08-04,JNJ,15.239,3.208,-0.903,11.686,0.891,0.211,1.16,13.209,2.742,3.639,16.779,47.5597409262,46.2692093343
2009-11-04,JNJ,15.081,3.345,0.17,11.856,0.817,0.222,1.21,12.856,2.713,3.259,18.255,46.7324510365,50.2366079274
2010-03-01,JNJ,16.551,2.206,3.954,15.81,0.872,0.133,0.81,14.222,2.818,3.448,18.342,50.5475964526,50.4838039346
2010-05-10,JNJ,15.631,4.526,-2.067,13.743,0.766,0.29,1.64,13.443,2.857,3.375,19.204,51.6320692587,47.823384143
2010-08-11,JNJ,15.33,3.449,-1.03,12.713,0.746,0.225,1.25,11.913,2.574,3.049,19.173,47.0750121549,52.2354846278
2010-11-10,JNJ,14.982,3.417,1.625,14.338,0.715,0.228,1.24,12.915,2.81,3.065,20.821,51.9430763792,49.3619490825
2011-02-25,JNJ,15.644,1.942,5.017,19.355,0.819,0.124,0.72,12.234,2.649,2.883,20.564,49.3045991001,54.2565533022
2011-05-10,JNJ,16.173,3.476,3.001,22.356,0.807,0.215,1.27,14.674,2.901,3.011,21.861,54.3640247623,50.9677635778
2011-08-09,JNJ,16.597,2.776,-7.382,14.974,0.804,0.167,1.01,14.68,2.689,2.743,22.672,51.8683719656,53.8426365674
2011-11-08,JNJ,16.005,3.202,0.643,15.617,0.817,0.2,1.17,15.543,2.75,2.879,22.48,54.5661469963,55.1926569759
2012-02-23,JNJ,16.255,0.218,8.925,24.542,0.991,0.013,0.09,18.476,2.748,3.131,20.863,55.2775687559,55.4579858705
2012-05-07,JNJ,16.139,3.91,5.725,30.267,0.893,0.242,1.43,17.61,2.738,2.9,22.422,55.5093834477,60.0072796496
2012-08-02,JNJ,16.475,1.408,-16.225,14.042,0.915,0.085,0.51,21.598,2.909,3.123,21.997,59.2029157108,60.784397724
2012-11-09,JNJ,17.052,2.968,1.444,15.486,0.866,0.174,1.08,22.769,2.937,3.037,23.21,60.9763943858,67.6736781219
2013-02-22,JNJ,17.558,2.567,-0.575,14.911,0.872,0.146,0.92,19.639,3.171,3.288,23.387,67.6648744693,75.57168144
2013-05-03,JNJ,17.505,3.497,-0.056,14.855,0.818,0.2,1.25,23.071,3.512,3.603,23.961,76.095252272,83.6005978535
2013-08-01,JNJ,17.877,3.833,2.452,17.307,0.785,0.214,1.36,20.54,3.775,3.793,24.794,83.8420113447,84.1075907604
2013-11-04,JNJ,17.575,2.982,-0.103,17.204,0.818,0.17,1.06,20.38,3.722,3.76,24.767,83.8013191436,83.7924132927
2014-02-21,JNJ,18.355,3.519,3.723,20.927,0.792,0.192,1.25,18.719,3.631,3.496,26.361,83.611005167,91.8423770699
2014-05-02,JNJ,18.115,4.727,-1.205,19.722,0.741,0.261,1.67,18.655,3.906,3.669,27.091,90.7278072895,92.0743975252
2014-08-01,JNJ,19.495,4.326,-5.486,14.236,0.732,0.222,1.53,18.114,3.831,3.61,27.614,91.8996134756,97.765644209
2014-10-30,JNJ,18.467,4.749,-0.418,13.818,0.725,0.257,1.69,17.298,4.025,3.912,27.214,99.1363637375,94.0370447751
2015-02-24,JNJ,18.254,2.521,0.705,14.523,0.88,0.138,0.91,17.153,3.767,4.014,24.777,94.5251588027,93.1171375693
2015-05-01,JNJ,17.374,4.32,-2.535,11.988,0.894,0.249,1.55,17.446,3.773,4.091,24.394,93.990110734,94.4041696085
2015-07-31,JNJ,17.787,4.516,-1.349,10.639,0.856,0.254,1.63,17.229,3.86,3.901,25.658,94.7540248043,96.6031509915
2015-10-30,JNJ,17.102,3.358,3.0,13.639,0.862,0.196,1.21,18.997,3.964,3.907,25.847,96.2791392391,100.631015632
2016-02-24,JNJ,17.811,3.215,0.093,13.732,0.875,0.181,1.17,18.796,4.133,4.071,25.669,101.48185435,109.951567041
2016-05-10,JNJ,17.482,4.292,0.129,13.861,0.875,0.246,1.56,20.507,4.494,4.342,26.348,110.870086112,120.645035278
2016-08-04,JNJ,18.482,3.997,4.779,18.64,0.929,0.216,1.46,22.801,4.781,4.676,26.398,120.606086114,112.755276709
2016-11-04,JNJ,17.82,4.272,-0.435,18.205,0.929,0.24,1.56,19.85,4.374,4.303,26.64,112.833694706,121.926905819
2017-02-27,JNJ,18.106,3.979,0.767,18.972,1.005,0.22,1.46,20.079,4.62,4.716,25.725,121.599065202,122.701801823
2017-05-08,JNJ,17.766,4.422,1.937,20.909,1.06,0.249,1.63,19.917,4.6,4.72,25.989,122.443503155,132.16
2017-08-03,JNJ,18.839,3.827,-8.311,12.598,1.125,0.203,1.42,21.692,4.935,4.976,26.718,133.35,133.18
