datekey,ticker,revenue,netinc,ncf,cashneq,de,netmargin,eps,pe,ps,pb,bvps,P0,P1
2001-08-09,KMB,3.5342,0.4154,0.0434,0.3209,1.481,0.118,0.75,18.953,2.317,5.608,10.673,32.8022026094,31.2932669954
2001-11-08,KMB,3.71,0.4194,0.0155,0.3364,1.547,0.113,0.76,17.793,2.122,5.167,10.837,30.8302981138,36.0429847804
2002-03-18,KMB,3.6718,0.3417,0.0688,0.4052,1.658,0.093,0.62,21.658,2.401,6.175,10.422,35.7686328506,36.6431296269
2002-05-09,KMB,3.3309,0.4392,-0.0455,0.3597,1.614,0.132,0.81,21.719,2.463,6.116,10.601,36.0429847804,33.2994654822
2002-08-08,KMB,3.4089,0.4246,0.0207,0.3804,1.592,0.125,0.79,20.104,2.313,5.453,11.113,33.8395958441,28.3439837498
2002-11-07,KMB,3.4867,0.4412,0.1088,0.4892,1.564,0.127,0.81,16.53,1.959,4.527,11.21,28.4811597147,25.0860545832
2003-03-14,KMB,3.3398,0.3696,0.046,0.4945,1.758,0.111,0.69,14.131,1.744,4.188,10.532,25.094628081,28.7726586401
2003-05-08,KMB,3.4597,0.3977,-0.1307,0.3638,1.667,0.115,0.75,16.245,1.937,4.499,11.113,28.4468657235,27.4866339691
2003-08-07,KMB,3.5446,0.4173,0.013,0.3768,1.559,0.118,0.79,15.641,1.839,4.024,11.96,27.5552219516,30.5473726862
2003-11-06,KMB,3.6416,0.4197,-0.0718,0.305,1.522,0.115,0.8,17.382,1.994,4.286,12.365,30.5473726862,37.4576119186
2004-02-26,KMB,3.7021,0.4595,-0.0144,0.2906,1.48,0.124,0.87,20.005,2.362,5.009,12.935,37.5776408879,38.3149616993
2004-05-07,KMB,3.7991,0.4593,0.0384,0.329,1.415,0.121,0.88,19.348,2.313,4.858,13.374,37.9120073024,37.6290818747
2004-08-06,KMB,3.7757,0.4543,0.0333,0.3623,1.473,0.12,0.87,18.021,2.166,4.777,13.112,36.7803055918,36.6602766225
2004-11-09,KMB,3.8663,0.4413,-0.0468,0.3155,1.531,0.114,0.86,17.301,2.073,4.753,12.984,36.4459391774,41.0024755172
2005-02-24,KMB,3.6421,0.4453,0.2785,0.594,1.567,0.122,0.88,18.585,2.218,5.047,13.207,41.4880065769,39.1014545118
2005-05-05,KMB,3.9058,0.4501,0.2395,0.8335,1.621,0.115,0.9,17.316,2.042,4.771,13.027,38.9510401973,39.8395671802
2005-08-04,KMB,3.9871,0.4218,-0.3674,0.4661,1.6,0.106,0.84,17.679,2.019,4.868,12.855,39.4924776515,36.1364937612
2005-11-04,KMB,4.0008,0.3253,-0.1527,0.3134,1.701,0.081,0.66,16.788,1.775,4.572,12.379,35.9712257158,37.9785187146
2006-02-23,KMB,4.0089,0.3711,0.0506,0.364,1.933,0.093,0.76,18.221,1.797,5.141,11.564,38.0810075491,38.2169629466
2006-05-05,KMB,4.0679,0.2751,0.0252,0.3892,1.89,0.068,0.58,20.526,1.78,5.042,11.828,38.5205284795,39.8661109889
2006-08-08,KMB,4.1614,0.3776,-0.0518,0.3374,1.81,0.091,0.79,21.722,1.805,4.979,12.315,39.9312304122,43.4072850256
2006-11-07,KMB,4.2104,0.3642,0.0618,0.3992,1.786,0.087,0.77,22.726,1.918,5.286,12.483,43.30229386,46.0099452291
2007-02-22,KMB,4.3072,0.4826,-0.0384,0.6253,1.799,0.112,1.01,22.066,1.976,5.426,12.808,45.937238808,47.4261057176
2007-05-09,KMB,4.3853,0.452,-0.0188,0.342,1.704,0.103,0.95,20.271,1.991,5.347,13.358,47.5859914511,46.8232746989
2007-08-08,KMB,4.502,0.4618,0.115,0.457,1.666,0.103,0.97,17.566,1.777,4.619,15.082,46.762866231,45.9894693521
2007-11-08,KMB,4.6206,0.4531,0.0826,0.5396,2.667,0.098,1.01,16.407,1.703,6.073,11.323,46.510309055,43.7154100126
2008-02-22,KMB,4.7581,0.456,-0.0669,0.7437,2.53,0.096,1.04,15.639,1.561,5.458,11.917,44.32881614,43.3797371126
2008-05-09,KMB,4.8127,0.4409,0.052,0.5247,2.397,0.092,1.01,15.019,1.456,4.887,12.759,42.8777204973,40.55130294
2008-08-08,KMB,5.0062,0.4167,0.0211,0.5458,2.502,0.083,0.96,15.056,1.386,4.747,12.939,42.6264081221,40.257026695
2008-11-07,KMB,4.9982,0.4131,-0.0217,0.5241,2.744,0.083,0.96,14.481,1.277,5.006,11.575,40.5862559024,33.0226119541
2009-02-27,KMB,4.5979,0.4193,-0.1604,0.505,3.665,0.091,0.98,12.031,1.047,5.243,8.985,33.3410897805,37.0729529237
2009-05-08,KMB,4.493,0.407,0.228,0.592,3.849,0.091,0.94,13.552,1.175,6.278,8.275,37.2450184566,41.9155769905
2009-08-07,KMB,4.727,0.403,-0.001,0.591,2.974,0.085,0.93,15.151,1.322,5.535,10.4,41.7343126029,46.551617354
2009-11-06,KMB,4.913,0.582,0.159,0.75,2.521,0.118,1.34,15.239,1.474,5.317,11.982,46.6688204819,44.6268610945
2010-02-24,KMB,4.982,0.492,0.048,0.987,2.501,0.099,1.13,13.897,1.37,4.843,12.45,44.5677330904,45.6481244736
2010-05-07,KMB,4.835,0.384,-0.129,0.669,2.468,0.079,0.88,14.153,1.354,4.881,12.497,45.5808740037,49.3134695303
2010-08-09,KMB,4.857,0.498,-0.084,0.585,2.677,0.103,1.15,14.377,1.436,5.607,11.747,49.7515429309,48.0819824546
2010-11-08,KMB,4.979,0.469,-0.052,0.533,2.394,0.094,1.09,14.498,1.36,4.721,13.307,47.921785464,50.1594757794
2011-02-23,KMB,5.075,0.492,0.343,0.876,2.309,0.097,1.15,14.923,1.393,4.648,14.029,50.2751216657,52.1226746044
2011-05-09,KMB,5.029,0.35,-0.291,0.585,2.626,0.07,0.83,15.222,1.381,5.067,13.261,52.372065392,49.655359269
2011-08-05,KMB,5.259,0.408,0.323,0.908,2.632,0.078,1.0,15.231,1.287,4.712,13.596,50.4666698662,55.4545511575
2011-11-04,KMB,5.382,0.432,0.324,1.232,2.735,0.08,1.05,17.036,1.381,5.533,12.6,55.4704657941,55.4704657941
2011-11-07,KMB,5.382,0.432,0.324,1.232,2.735,0.08,1.05,17.153,1.391,5.571,12.6,55.852417072,58.0454210905
2012-02-29,KMB,5.176,0.401,-0.468,0.764,2.637,0.077,0.98,18.809,1.436,5.701,12.783,58.567773627,63.9324273171
2012-05-04,KMB,5.241,0.468,0.021,0.785,2.6,0.089,1.14,18.736,1.521,5.982,13.089,63.5670527643,71.1922866526
2012-08-03,KMB,5.269,0.498,0.209,0.994,2.551,0.095,1.22,19.54,1.669,6.466,13.201,69.9385550851,68.9033084008
2012-11-05,KMB,5.246,0.517,0.255,1.249,2.565,0.099,1.26,18.008,1.621,6.129,13.562,68.7296859534,76.6098553575
2013-02-22,KMB,5.307,0.267,-0.143,1.106,2.926,0.05,0.65,21.832,1.814,7.664,12.33,78.8115755637,86.8795734139
2013-05-02,KMB,5.318,0.531,0.003,1.109,3.141,0.1,1.31,23.133,1.984,8.923,11.717,87.9393881346,83.7977552134
2013-08-02,KMB,5.267,0.526,0.051,1.16,3.397,0.1,1.31,21.616,1.883,9.1,10.946,84.493313056,92.412351047
2013-11-01,KMB,5.262,0.546,0.019,1.179,3.083,0.104,1.37,22.991,2.032,9.212,11.725,92.4209077461,93.7774607192
2014-02-14,KMB,5.305,0.539,-0.125,1.054,2.838,0.102,1.36,20.366,2.062,8.983,12.271,95.0623197212,97.7960121548
2014-04-21,KMB,5.278,0.538,0.111,1.165,3.016,0.102,1.36,20.288,2.065,9.34,11.878,96.4056298956,98.3323225207
2014-07-22,KMB,5.343,0.509,0.204,1.369,3.138,0.095,1.29,19.91,2.003,9.2,11.831,95.2941855859,95.3325580934
2014-10-21,KMB,5.442,0.562,0.062,1.431,3.359,0.103,1.45,20.116,2.022,10.131,10.979,98.1473568746,103.140073721
2015-02-18,KMB,3.661,-0.083,-0.642,0.789,19.927,-0.023,-0.03,26.752,2.07,55.998,1.995,103.538655834,100.32385794
2015-04-21,KMB,4.691,0.468,-0.202,0.587,75.86,0.1,1.28,28.295,2.153,213.46,0.53,105.73439387,105.701119124
2015-07-23,KMB,4.643,-0.305,0.016,0.603,28.298,-0.066,-0.84,63.34,2.206,78.806,1.417,105.164134829,111.357715462
2015-10-21,KMB,4.718,0.517,0.04,0.643,271.333,0.11,1.42,71.802,2.42,793.815,0.149,112.184205928,124.367692048
2016-02-11,KMB,4.539,0.333,-0.024,0.619,-85.069,0.073,0.91,45.039,2.454,-262.212,-0.482,120.980021766,126.96228254
2016-04-22,KMB,4.476,0.545,0.016,0.635,132.945,0.122,1.51,41.92,2.487,419.202,0.303,122.269255474,130.657324642
2016-07-25,KMB,4.588,0.566,0.021,0.656,73.194,0.123,1.57,24.316,2.603,243.286,0.545,128.677521164,116.89157976
2016-10-24,KMB,4.594,0.55,0.228,0.884,47.987,0.12,1.53,20.46,2.242,136.446,0.835,111.349053776,120.660159702
2017-02-08,KMB,4.544,0.505,0.039,0.923,-142.01,0.111,1.42,20.22,2.406,-429.381,-0.286,121.133143586,128.99894793
2017-04-24,KMB,4.483,0.563,-0.088,0.835,105.853,0.126,1.58,21.192,2.542,340.313,0.383,129.435694137,123.81
2017-07-25,KMB,4.554,0.531,0.216,1.051,144.5,0.117,1.5,20.498,2.424,431.861,0.289,124.68,121.32
