datekey,ticker,revenue,netinc,ncf,cashneq,de,netmargin,eps,pe,ps,pb,bvps,P0,P1
2001-09-05,KSS,1.51575,0.086513,-0.00893,0.004563,0.76,0.057,0.26,43.023,2.688,7.357,7.295,43.6079304625,57.1133716132
2001-12-07,KSS,1.760346,0.10023,0.003743,0.008306,0.924,0.057,0.3,53.216,3.354,9.216,7.599,56.918112223,61.0836458792
2002-04-15,KSS,2.724225,0.233822,0.098416,0.106722,0.766,0.086,0.7,50.482,3.341,8.964,8.305,60.5710899801,59.9853118097
2002-06-18,KSS,1.870588,0.106621,-0.006181,0.100541,0.725,0.057,0.32,47.014,3.149,8.416,8.768,59.8958179225,58.5696812312
2002-09-16,KSS,1.92183,0.124388,-0.015502,0.085039,0.713,0.065,0.37,42.811,2.923,7.855,9.147,58.4151008807,50.344379422
2002-12-09,KSS,2.14339,0.133421,0.007462,0.092501,0.888,0.062,0.4,33.817,2.336,6.269,9.57,48.8148475326,47.4968466492
2003-03-21,KSS,3.184479,0.278951,-0.002416,0.090085,0.798,0.088,0.83,31.041,2.19,5.687,10.41,48.1639828989,42.6804483594
2003-06-04,KSS,2.117744,0.111013,0.004589,0.094674,0.71,0.052,0.33,28.272,1.955,5.0,10.836,43.974041819,52.4678252897
2003-09-03,KSS,2.208459,0.112145,0.013304,0.107978,0.634,0.051,0.33,33.652,2.215,5.638,11.192,51.2555899093,36.8470740792
2003-12-04,KSS,2.39395,0.12117,0.000554,0.108532,0.813,0.051,0.36,25.618,1.612,4.054,11.583,38.2057540022,40.7034470343
2004-03-19,KSS,3.561941,0.246824,0.004216,0.112748,0.598,0.069,0.72,27.994,1.609,3.948,12.319,39.5725697331,38.8403470201
2004-06-04,KSS,2.380173,0.113794,-0.012938,0.09981,0.619,0.048,0.33,27.242,1.534,3.74,12.71,38.6044085904,40.6058173392
2004-09-03,KSS,2.497858,0.155775,0.005363,0.105173,0.62,0.062,0.46,27.043,1.591,3.842,13.161,41.0532867749,39.3366313034
2004-12-03,KSS,2.743882,0.143776,0.006547,0.11172,0.782,0.052,0.42,24.764,1.462,3.491,13.682,38.7671247488,42.3956950821
2005-03-18,KSS,4.078706,0.317035,0.004997,0.116717,0.607,0.078,0.93,23.992,1.498,3.528,14.463,41.5170278265,42.0133121097
2005-06-03,KSS,2.742838,0.124734,0.003012,0.119729,0.564,0.045,0.36,23.999,1.475,3.435,15.076,42.1028059969,41.8017811038
2005-09-02,KSS,2.888078,0.187186,-0.00941,0.110319,0.569,0.065,0.54,22.837,1.417,3.271,15.68,41.6553365612,37.8233710299
2005-12-02,KSS,3.11936,0.155127,0.022394,0.132713,0.69,0.05,0.45,20.648,1.262,2.91,16.152,38.2057540022,42.3143370029
2006-03-17,KSS,4.651941,0.374913,-0.005874,0.126839,0.536,0.081,1.09,21.743,1.366,3.073,17.244,43.1116461792,44.3726964072
2006-06-02,KSS,3.184725,0.167245,0.068363,0.195202,0.51,0.053,0.48,20.912,1.336,3.042,17.607,44.2018444408,50.8569353211
2006-09-01,KSS,3.291431,0.232358,-0.032395,0.162807,0.626,0.071,0.7,22.345,1.458,3.906,15.953,51.6217012658,56.6252231378
2006-12-01,KSS,3.637272,0.224496,0.035879,0.198686,0.717,0.062,0.69,22.616,1.53,4.086,16.914,56.2102969338,60.367694782
2007-03-23,KSS,5.430757,0.484583,-0.009516,0.18917,0.614,0.089,1.48,21.848,1.558,4.323,17.449,61.3683991564,58.7568048134
2007-06-08,KSS,3.57204,0.208953,0.061719,0.250889,0.567,0.058,0.65,20.307,1.466,3.953,18.368,58.911385164,44.2587950963
2007-09-07,KSS,3.58921,0.269224,-0.020968,0.229921,0.674,0.075,0.84,14.438,1.056,2.939,18.199,43.8845479318,41.6553365612
2007-12-07,KSS,3.825162,0.194005,0.065065,0.294986,0.912,0.051,0.61,14.147,0.997,2.817,18.328,42.4445099296,37.0586050852
2008-03-21,KSS,5.487322,0.411669,-0.114443,0.180543,0.731,0.075,1.31,12.983,0.854,2.306,19.751,37.8884574932,38.1813465784
2008-06-06,KSS,3.624259,0.152955,0.058262,0.238805,0.744,0.042,0.5,13.238,0.823,2.233,19.75,36.0904439425,41.2810893968
2008-09-05,KSS,3.72549,0.236015,-0.021854,0.216951,0.745,0.063,0.77,15.628,0.933,2.494,20.379,41.5251636344,27.9220927887
2008-12-05,KSS,3.803649,0.160157,0.026019,0.24297,0.857,0.042,0.53,11.297,0.652,1.697,20.996,28.9797478185,33.4951212153
2009-03-20,KSS,5.235602,0.335873,-0.076427,0.167,0.682,0.064,1.1,13.938,0.753,1.83,22.116,32.9337504687,37.3026793229
2009-06-05,KSS,3.638,0.137,0.072,0.239,0.676,0.038,0.45,16.154,0.856,2.039,22.574,37.4003090179,43.9414985873
2009-09-04,KSS,3.806,0.229,-0.018,0.221,0.69,0.06,0.76,19.348,1.012,2.337,23.397,44.4052396388,44.079807322
2009-12-04,KSS,4.051,0.193,0.011,0.232,0.8,0.048,0.63,18.399,0.984,2.226,24.246,43.6892885417,44.3238815596
2010-03-19,KSS,5.682,0.431,1.559,2.267,0.676,0.076,1.41,17.117,0.988,2.16,25.582,44.9584745776,42.3875592742
2010-06-04,KSS,4.035,0.199,0.121,2.388,0.663,0.049,0.65,14.658,0.877,1.904,26.375,40.7441260739,40.1176688639
2010-09-03,KSS,4.1,0.26,0.13,2.518,0.636,0.063,0.84,14.094,0.854,1.822,27.287,40.321064062,44.2669309042
2010-12-09,KSS,4.218,0.163,-0.077,2.441,0.72,0.039,0.53,15.055,0.879,1.851,27.906,44.1123505537,43.6562135579
2011-03-18,KSS,6.038,0.492,-0.164,2.277,0.674,0.081,1.64,13.757,0.833,1.892,27.898,43.1330909839,43.5172591241
2011-06-01,KSS,4.162,0.211,-0.609,1.668,0.685,0.051,0.73,13.211,0.803,1.901,27.167,43.2556978371,36.3319169504
2011-09-13,KSS,4.248,0.299,-0.499,1.169,0.961,0.07,1.08,10.162,0.634,1.673,25.645,36.298872915,41.6107016096
2011-12-02,KSS,4.376,0.211,-0.409,0.76,1.269,0.048,0.8,10.553,0.68,1.978,24.511,41.7263557336,42.720483454
2012-03-16,KSS,6.018,0.456,0.445,1.205,1.166,0.076,1.75,10.499,0.652,1.883,26.754,42.0937157977,38.2913253494
2012-06-01,KSS,4.243,0.154,-0.176,1.029,1.259,0.036,0.63,9.57,0.568,1.701,25.926,37.355352316,44.4200950055
2012-08-31,KSS,4.205,0.24,-0.429,0.6,1.235,0.057,1.01,11.538,0.65,1.978,26.0,44.2096530166,38.1287084063
2012-11-30,KSS,4.49,0.215,-0.05,0.55,1.478,0.048,0.92,9.643,0.542,1.682,26.206,37.8153449654,39.9050218652
2013-03-22,KSS,6.342,0.377,-0.013,0.537,1.299,0.059,1.63,10.43,0.533,1.7,27.242,39.8104805686,44.1250015628
2013-06-07,KSS,4.199,0.147,-0.019,0.518,1.333,0.035,0.66,11.754,0.598,1.911,27.186,44.6578706896,44.4755793928
2013-09-04,KSS,4.289,0.231,0.074,0.592,1.329,0.054,1.05,11.52,0.578,1.846,27.87,44.518843575,47.9430159464
2013-12-06,KSS,4.444,0.177,0.006,0.598,1.573,0.04,0.82,12.568,0.608,1.977,27.664,47.6468563275,48.4752723364
2014-03-21,KSS,6.099,0.334,0.373,0.971,1.405,0.055,1.55,13.088,0.611,1.946,28.664,49.2521479448,47.398240243
2014-06-06,KSS,4.07,0.125,-0.254,0.717,1.413,0.031,0.6,12.96,0.594,1.918,28.253,47.8484749706,53.6468531557
2014-09-05,KSS,4.242,0.232,0.029,0.746,1.427,0.055,1.14,14.136,0.651,2.112,28.382,53.3089482295,50.8519037818
2014-12-05,KSS,4.374,0.142,-0.115,0.631,1.592,0.032,0.7,13.838,0.614,1.986,28.736,51.0756843829,68.5640847021
2015-03-20,KSS,6.337,0.369,0.776,1.407,1.409,0.058,1.84,17.693,0.806,2.561,29.541,68.5912890738,58.7977152769
2015-06-05,KSS,4.123,0.127,-0.212,1.195,1.42,0.031,0.64,14.425,0.658,2.086,30.408,57.5100416851,47.0724908263
2015-09-04,KSS,4.267,0.13,-0.261,0.934,1.529,0.03,0.66,12.782,0.514,1.729,29.188,46.5062326906,43.6681269508
2015-12-04,KSS,4.427,0.12,-0.433,0.501,1.722,0.027,0.63,12.234,0.476,1.667,28.838,44.3039363536,45.3440808442
2016-03-18,KSS,6.387,0.296,0.206,0.707,1.478,0.046,1.55,13.253,0.464,1.624,29.654,45.2688989485,35.1287407659
2016-06-03,KSS,3.972,0.017,-0.284,0.423,1.512,0.004,0.09,12.416,0.367,1.32,28.834,35.7583891424,41.8275503583
2016-09-02,KSS,4.182,0.14,0.277,0.7,1.562,0.033,0.77,13.643,0.412,1.499,29.038,41.9323097057,52.9042602582
2016-12-02,KSS,4.327,0.146,-0.103,0.597,1.756,0.034,0.83,16.269,0.516,1.908,28.939,53.1932492982,39.9111203535
2017-03-17,KSS,6.205,0.253,0.477,1.074,1.622,0.041,1.44,12.552,0.373,1.348,30.037,39.9111203535,38.8662750195
2017-06-02,KSS,3.843,0.066,-0.449,0.625,1.652,0.017,0.39,10.984,0.358,1.331,29.294,38.4227086041,41.89
