datekey,ticker,revenue,netinc,ncf,cashneq,de,netmargin,eps,pe,ps,pb,bvps,P0,P1
2001-06-18,LB,2.126845,0.030691,-0.274601,0.288946,0.661,0.014,0.07,16.295,0.637,2.772,5.447,7.08226230985,5.7034147805
2001-09-17,LB,2.192111,0.07155,0.038521,0.327467,0.675,0.033,0.17,11.572,0.449,1.888,5.573,4.96026968351,6.44655987749
2001-12-14,LB,1.906484,0.090151,-0.0096,0.317867,0.712,0.047,0.21,13.815,0.608,2.45,5.662,6.57190965288,9.2579762685
2002-04-22,LB,3.13756,0.326608,1.05668,1.375,0.72,0.104,0.76,19.235,1.066,3.638,5.288,9.15948715926,9.73251470393
2002-06-17,LB,2.027,0.05,-0.12,1.255,0.36,0.025,0.11,20.148,1.171,2.426,8.578,9.93844647779,7.65528985451
2002-09-17,LB,2.112788,0.083247,-0.088124,1.167038,0.354,0.039,0.16,15.144,0.907,1.837,8.674,7.64633629913,7.2344727514
2002-12-17,LB,1.982616,0.015775,-0.281661,0.885377,0.358,0.008,0.03,15.519,0.797,1.631,8.651,6.8047020929,6.84051631444
2003-04-18,LB,2.322417,0.35312,1.256785,2.262,0.491,0.152,0.69,14.61,0.868,1.509,9.31,6.75098076059,7.76273251914
2003-06-16,LB,1.842297,0.09753,-0.018304,2.243214,0.454,0.053,0.19,15.557,1.035,1.749,9.375,8.0313391807,7.83436096222
2003-09-12,LB,2.014106,0.101959,-0.003487,2.239727,0.473,0.051,0.2,14.381,1.002,1.677,9.412,7.78063962991,8.64018094691
2003-12-15,LB,1.84677,0.129674,-0.421336,1.818391,0.482,0.07,0.25,13.003,1.105,1.807,9.504,8.50587761613,10.0011213655
2004-04-14,LB,3.230827,0.387837,1.310127,3.129,0.495,0.12,0.75,13.132,1.054,1.788,11.174,9.96530714395,9.77728248085
2004-06-09,LB,1.978203,0.096637,-1.18494,1.945407,0.533,0.049,0.19,12.71,1.004,2.084,9.244,9.66088626084,10.5920560209
2004-09-09,LB,2.210832,0.147952,0.154277,2.099684,0.572,0.067,0.31,12.781,1.051,2.205,9.412,10.4756598009,12.0783462149
2004-12-08,LB,1.890855,0.078345,0.03552,2.135204,0.682,0.041,0.17,13.632,1.041,2.173,10.973,12.0962533257,12.8393984227
2005-04-08,LB,3.32811,0.382066,-0.973857,1.161,1.608,0.115,0.83,13.603,1.019,4.107,5.736,12.6782344257,11.5500864472
2005-06-09,LB,1.974932,0.023145,-0.474523,0.686236,1.55,0.012,0.06,13.802,0.927,3.898,5.529,11.6754362226,11.6575291118
2005-09-08,LB,2.290901,0.113077,0.03286,0.719096,1.61,0.049,0.28,14.172,0.891,3.831,5.5,11.4963651149,12.6334666488
2005-12-07,LB,1.891551,-0.012308,-0.563683,0.155413,1.754,-0.007,-0.03,18.044,0.963,4.333,5.264,12.5349775396,13.4840544104
2006-03-31,LB,3.541616,0.559086,1.052346,1.208,1.568,0.158,1.39,14.121,0.994,3.903,6.267,13.5198686319,15.3643010413
2006-06-02,LB,2.077091,0.09938,-0.485315,0.722416,1.417,0.048,0.25,14.254,1.104,4.323,6.318,15.1852299336,14.3883635043
2006-09-01,LB,2.454,0.113,-0.071685,0.651,1.416,0.046,0.29,13.511,1.029,4.004,6.487,14.5226668351,17.8086216616
2006-12-01,LB,2.115,0.024,-0.473,0.178,1.612,0.011,0.06,15.289,1.194,4.794,6.379,17.19082634,14.9345303828
2007-04-03,LB,4.025,0.44,0.322,0.5,1.4,0.109,1.11,15.637,0.991,3.577,7.394,14.9434839382,14.7912734967
2007-06-08,LB,2.311,0.053,-0.306,0.194,1.336,0.023,0.13,16.675,0.963,3.489,7.567,15.0061588259,12.2842779888
2007-09-10,LB,2.624,0.264,0.999,1.193,2.141,0.101,0.68,9.77,0.689,3.165,6.654,12.0425319934,11.7202039995
2007-12-07,LB,1.923,0.012,-0.975,0.218,2.532,0.006,0.03,9.556,0.675,3.538,5.881,12.0067177718,9.88472514548
2008-03-28,LB,3.276,0.389,0.8,1.018,2.352,0.119,1.05,7.975,0.565,2.58,6.511,9.76832892547,11.057640901
2008-06-06,LB,1.925,0.098,-0.259,0.759,2.273,0.051,0.29,7.922,0.62,2.813,6.314,10.4129849132,12.2305566565
2008-09-05,LB,2.284,0.102,0.219,0.978,2.291,0.045,0.3,11.696,0.747,3.197,6.473,12.2216031011,5.23782990046
2008-12-05,LB,1.843,0.004,-0.601,0.377,2.626,0.002,0.01,5.074,0.323,1.541,6.063,5.63178633741,5.88248588821
2009-03-27,LB,2.991,0.016,0.796,1.173,2.72,0.005,0.06,13.307,0.324,1.562,5.838,5.58701856049,7.95075718223
2009-06-05,LB,1.725,0.003,-0.237,0.936,2.632,0.002,0.01,33.237,0.47,2.259,5.719,8.01343206993,9.72356114854
2009-09-04,LB,2.067,0.074,0.614,1.55,2.83,0.036,0.23,50.94,0.573,2.634,5.832,9.61611848392,11.4605508933
2009-12-04,LB,1.777,0.015,-0.582,0.968,2.72,0.008,0.05,54.67,0.69,3.168,5.784,11.5679935579,16.1253532491
2010-03-26,LB,3.063,0.356,0.836,1.804,2.285,0.116,1.1,18.431,0.957,3.782,6.752,16.2507030245,17.2714083384
2010-06-03,LB,1.932,0.113,-0.616,1.188,2.334,0.058,0.35,15.304,0.966,4.319,6.08,17.4862936677,17.5579221108
2010-09-07,LB,2.242,0.178,0.112,1.3,2.243,0.079,0.55,12.623,0.927,4.031,6.422,17.3430367815,23.4851757759
2010-12-03,LB,1.983,0.061,-0.312,0.988,2.372,0.031,0.19,14.501,1.114,5.025,6.334,23.4314544436,22.5181917943
2011-03-18,LB,3.456,0.453,0.142,1.13,3.37,0.131,1.4,12.095,1.013,6.597,4.62,22.5719131266,28.0514890224
2011-06-03,LB,2.217,0.165,0.427,1.557,5.224,0.074,0.52,13.437,1.163,10.218,3.664,27.8813714701,29.4840578841
2011-08-31,LB,2.458,0.231,-0.522,1.035,9.4,0.094,0.76,12.372,1.113,18.014,2.095,29.0453336702,32.9580373736
2011-12-02,LB,2.174,0.094,-0.537,0.498,11.531,0.043,0.32,13.391,1.225,24.284,1.755,32.9580373736,39.9328570189
2012-03-23,LB,3.515,0.359,0.437,0.935,43.577,0.102,1.2,16.53,1.356,102.557,0.473,39.5568076927,36.1455030908
2012-06-01,LB,2.154,0.125,0.351,1.286,-51.504,0.058,0.43,15.434,1.212,-95.314,-0.45,34.9457266692,40.2641385681
2012-08-31,LB,2.399,0.143,-0.093,1.193,-27.894,0.06,0.5,19.374,1.364,-57.014,-0.852,40.8550732236,43.5859076161
2012-11-30,LB,2.05,0.074,-0.646,0.547,-13.48,0.036,0.26,21.453,1.486,-29.201,-1.786,44.0693996069,36.5851340652
2013-03-22,LB,3.856,0.411,0.226,0.773,-6.929,0.107,1.42,16.863,1.214,-12.51,-3.522,37.4782842807,43.3426174085
2013-06-07,LB,2.268,0.143,-0.391,0.382,-6.811,0.063,0.49,19.097,1.393,-14.813,-3.435,43.5308403818,48.9253219482
2013-09-06,LB,2.516,0.178,0.169,0.551,-8.052,0.071,0.62,20.305,1.531,-19.008,-2.97,48.5383905795,53.9630943159
2013-12-06,LB,2.171,0.092,-0.126,0.425,-9.093,0.042,0.32,22.314,1.701,-22.422,-2.825,54.9698036985,50.9164098044
2014-03-21,LB,3.818,0.49,1.094,1.519,-20.451,0.128,1.69,18.894,1.584,-46.112,-1.271,52.1528495253,52.7244206519
2014-06-06,LB,2.391,0.157,-0.607,0.912,-11.941,0.066,0.54,18.943,1.594,-28.523,-2.086,53.2343972305,58.1273573173
2014-09-05,LB,2.675,0.188,0.235,1.147,-14.629,0.07,0.65,20.329,1.705,-37.391,-1.724,57.983433189,74.689283254
2014-12-05,LB,2.319,0.132,-0.402,0.745,-17.47,0.057,0.45,25.097,2.166,-55.92,-1.483,74.9151489951,84.5768547705
2015-03-20,LB,4.069,0.565,0.936,1.681,418.056,0.139,1.94,26.209,2.384,1517.2,0.062,84.8493902853,79.6492865587
2015-06-05,LB,2.512,0.25,-1.032,0.649,-11.934,0.1,0.86,21.984,2.156,-41.106,-2.079,78.0868191959,82.0796900456
2015-09-04,LB,2.765,0.202,0.131,0.78,-11.498,0.073,0.69,22.841,2.25,-40.501,-2.232,83.0909765493,88.6160330514
2015-12-04,LB,2.482,0.164,0.531,1.311,-13.109,0.066,0.56,24.378,2.434,-43.754,-2.273,91.9436404258,82.7523136465
2016-03-18,LB,4.395,0.636,1.237,2.548,-33.788,0.145,2.18,20.121,2.074,-97.341,-0.902,83.7536957985,68.6238703632
2016-06-03,LB,2.614,0.152,-1.281,1.267,-7.831,0.058,0.53,17.694,1.666,-18.784,-3.781,68.3256311958,72.5549282676
2016-09-02,LB,2.89,0.252,0.006,1.273,-7.673,0.087,0.88,17.621,1.714,-18.775,-3.951,71.9536175401,70.700801432
2016-12-02,LB,2.581,0.122,-0.619,0.654,-7.438,0.047,0.43,17.696,1.648,-17.28,-4.161,70.3583535978,49.3956321839
2017-03-17,LB,4.489,0.632,1.28,1.934,-12.204,0.141,2.21,12.598,1.16,-20.012,-2.557,50.5917241379,52.83
2017-06-02,LB,2.437,0.094,-0.379,1.555,-10.427,0.039,0.33,13.677,1.214,-17.996,-2.914,52.45,43.3
