datekey,ticker,revenue,netinc,ncf,cashneq,de,netmargin,eps,pe,ps,pb,bvps,P0,P1
2001-07-27,MAR,2.433,0.13,0.304,0.674,1.441,0.053,0.25,23.036,1.137,3.263,6.859,18.0156564078,12.0316253731
2001-10-19,MAR,2.345,0.101,0.2,0.874,1.481,0.043,0.19,15.499,0.748,2.136,7.015,12.086108205,15.1189858462
2001-12-10,MAR,2.373,0.101,0.2,0.874,1.481,0.043,0.19,19.105,0.923,2.633,7.015,14.9010545187,16.7807122185
2002-03-22,MAR,2.868,-0.116,-0.057,0.817,1.618,-0.04,-0.22,45.551,1.059,3.091,6.711,16.7625512746,17.1530115697
2002-04-24,MAR,2.364,0.082,-0.627,0.19,1.345,0.035,0.16,57.126,1.124,3.085,7.002,17.479908561,13.2211672025
2002-07-19,MAR,2.586,0.129,0.01,0.2,1.263,0.05,0.25,41.785,0.806,2.172,7.267,12.7943850194,10.2609333371
2002-10-10,MAR,2.454,0.103,0.111,0.311,1.257,0.042,0.2,36.972,0.713,1.945,6.862,10.8511640158,11.187141479
2003-02-14,MAR,1.037,-0.037,-0.108,0.198,1.322,-0.036,-0.07,25.49,0.836,1.976,7.123,11.4595556384,13.5571446657
2003-05-02,MAR,2.014,0.116,0.327,0.525,1.355,0.058,0.23,27.086,1.041,2.378,7.122,13.8204783531,14.5650770555
2003-07-22,MAR,2.038,0.125,-0.381,0.144,1.176,0.061,0.25,29.635,1.206,2.474,7.36,14.8828935748,16.6445051388
2003-10-17,MAR,2.101,0.092,-0.031,0.113,1.213,0.044,0.18,33.834,1.393,2.745,7.353,16.5355394751,16.998643546
2004-02-23,MAR,2.861,0.169,0.116,0.229,1.131,0.059,0.34,20.485,1.141,2.679,7.776,17.0894482658,18.369794815
2004-05-05,MAR,2.252,0.114,-0.026,0.203,1.251,0.051,0.23,21.828,1.18,2.971,7.571,18.4878409507,19.0054278536
2004-07-21,MAR,2.402,0.16,-0.039,0.164,1.158,0.067,0.33,21.251,1.182,2.957,7.83,19.0599106854,20.4219814824
2004-10-18,MAR,2.304,0.133,0.038,0.202,1.201,0.058,0.28,20.847,1.223,3.196,7.831,20.6399128099,24.1268140501
2005-02-23,MAR,3.141,0.189,0.568,0.77,1.124,0.06,0.39,23.675,1.397,3.458,8.425,24.0632507463,23.6273880912
2005-05-03,MAR,2.534,0.145,-0.393,0.377,1.144,0.057,0.3,21.65,1.308,3.452,8.218,23.4639395956,26.2879663813
2005-07-22,MAR,2.661,0.138,0.094,0.471,1.317,0.052,0.29,24.565,1.397,4.068,7.857,26.4786562929,23.3731348758
2005-10-13,MAR,2.714,0.149,-0.31,0.161,1.608,0.055,0.32,20.35,1.144,3.826,7.389,23.4548591236,26.2698054373
2006-02-22,MAR,3.641,0.237,0.042,0.203,1.623,0.065,0.53,20.971,1.215,4.314,7.381,26.4604953489,28.0586584173
2006-04-26,MAR,2.705,0.065,-0.031,0.172,1.852,0.024,0.14,25.527,1.283,4.939,6.856,28.1767045531,28.1676240811
2006-07-19,MAR,2.851,0.186,0.192,0.364,1.83,0.065,0.42,23.429,1.253,5.044,6.824,28.6942914559,30.900846147
2006-10-12,MAR,2.703,0.141,-0.228,0.136,2.077,0.052,0.33,25.207,1.332,5.868,6.371,31.2186626663,38.7009715776
2007-02-21,MAR,3.861,0.216,0.057,0.193,2.28,0.056,0.5,31.732,1.587,7.369,6.291,38.7645348814,37.5749930521
2007-04-23,MAR,2.904,0.182,-0.069,0.124,2.935,0.063,0.44,25.579,1.505,8.346,5.361,37.4660273883,35.2140703373
2007-07-13,MAR,3.21,0.207,0.027,0.151,3.525,0.064,0.5,22.214,1.307,8.408,4.887,34.460391163,33.1074008381
2007-10-05,MAR,3.04,0.131,0.057,0.208,4.518,0.043,0.33,21.486,1.215,9.578,4.185,33.6703901008,27.5592324584
2008-02-15,MAR,3.836,0.176,0.126,0.332,5.258,0.046,0.46,18.073,0.968,8.803,3.763,27.8770489777,25.6069309828
2008-04-22,MAR,2.947,0.121,-0.018,0.314,5.9,0.041,0.32,18.022,0.878,8.67,3.481,25.4525629592,18.9872669096
2008-07-11,MAR,3.185,0.157,-0.189,0.125,5.28,0.049,0.41,14.27,0.642,5.817,3.803,18.7239332222,18.787496526
2008-10-03,MAR,2.963,0.094,-0.008,0.117,5.375,0.032,0.25,14.748,0.625,5.659,3.813,18.3153119831,12.0588667891
2009-02-12,MAR,3.784,-0.01,0.017,0.134,5.451,-0.003,-0.02,15.202,0.427,3.988,3.677,12.52197086,17.6070351687
2009-04-24,MAR,2.495,-0.023,0.034,0.168,5.547,-0.009,-0.06,36.017,0.632,5.912,3.516,17.8431274401,16.4174933393
2009-07-17,MAR,2.562,0.037,-0.043,0.125,5.176,0.014,0.09,72.182,0.599,4.999,3.741,16.0542744601,21.6115233117
2009-10-09,MAR,2.471,-0.466,0.005,0.13,7.393,-0.189,-1.23,-20.652,0.843,9.687,2.6,21.6115233117,21.5661209518
2010-02-12,MAR,3.38,0.106,-0.015,0.115,5.947,0.031,0.28,-27.811,0.882,8.426,3.002,21.7114085035,29.8293504534
2010-04-23,MAR,2.63,0.083,0.003,0.118,7.218,0.032,0.22,-56.564,1.229,12.687,2.791,30.437742076,25.6795747586
2010-07-16,MAR,2.771,0.119,-0.018,0.1,6.065,0.043,0.31,-69.6,0.977,8.984,3.18,24.5808376491,28.9667056153
2010-10-08,MAR,2.648,0.083,0.123,0.223,5.486,0.031,0.22,33.695,1.153,9.723,3.506,29.3753268544,33.3434931095
2011-02-18,MAR,3.642,0.173,0.282,0.505,4.668,0.048,0.44,32.873,1.288,9.499,4.06,33.3071712216,29.2663611906
2011-04-22,MAR,2.778,0.101,-0.361,0.144,5.32,0.036,0.25,27.081,1.089,9.301,3.635,28.9303837274,28.3764749366
2011-07-15,MAR,2.972,0.135,-0.027,0.117,6.739,0.045,0.36,25.062,1.024,10.854,3.034,28.5853257922,23.6273880912
2011-10-07,MAR,2.874,-0.179,0.103,0.22,18.686,-0.062,-0.49,41.046,0.77,21.955,1.209,23.1279621323,32.1804647878
2012-02-16,MAR,3.693,0.141,-0.118,0.102,-8.567,0.038,0.41,58.713,0.944,-14.885,-2.339,32.2638578725,35.1546728572
2012-04-19,MAR,2.552,0.104,0.188,0.29,-8.277,0.041,0.31,64.966,1.08,-15.399,-2.562,36.6601069051,35.4596439957
2012-07-12,MAR,2.776,0.143,-0.185,0.105,-6.344,0.052,0.44,54.948,0.965,-10.217,-3.482,33.1752335884,36.4911628228
2012-10-04,MAR,2.729,0.143,0.0,0.105,-5.525,0.052,0.45,23.14,1.046,-9.481,-4.107,36.4350225723,38.345827139
2013-02-20,MAR,3.757,0.181,-0.017,0.088,-5.935,0.048,0.58,21.727,1.05,-9.655,-4.114,37.3033615959,40.0274077239
2013-05-02,MAR,3.142,0.136,0.133,0.221,-5.737,0.043,0.44,21.82,1.061,-9.555,-4.483,40.3666230436,39.3256374702
2013-08-01,MAR,3.263,0.179,-0.113,0.108,-5.271,0.055,0.58,19.728,0.978,-8.444,-4.924,39.3350975707,41.9911300111
2013-10-31,MAR,3.16,0.16,0.036,0.144,-5.599,0.051,0.53,20.584,1.014,-9.584,-4.704,42.827152509,49.143983842
2014-02-20,MAR,3.219,0.151,-0.018,0.126,-5.801,0.047,0.5,24.391,1.194,-10.791,-4.799,49.3823617225,54.159565072
2014-04-30,MAR,3.293,0.172,0.058,0.184,-5.102,0.052,0.58,25.619,1.311,-10.437,-5.551,55.4126387252,63.0492975971
2014-07-30,MAR,3.484,0.192,0.008,0.192,-4.971,0.055,0.66,28.157,1.445,-11.05,-5.919,62.7805534454,67.8838282824
2014-09-05,MAR,3.484,0.192,0.008,0.192,-4.971,0.055,0.66,30.49,1.564,-11.966,-5.919,68.1822398928,69.2603721627
2014-10-29,MAR,3.46,0.192,-0.042,0.15,-4.717,0.055,0.66,29.671,1.559,-11.388,-6.501,71.2626178069,78.609052892
2015-02-19,MAR,3.559,0.197,-0.046,0.104,-4.12,0.055,0.7,30.519,1.666,-10.446,-7.955,80.2015014773,81.1412071522
2015-04-30,MAR,3.513,0.207,0.016,0.12,-3.682,0.059,0.75,27.931,1.57,-8.676,-9.227,77.4454946052,74.7256205286
2015-07-30,MAR,3.689,0.24,0.02,0.14,-3.084,0.065,0.88,23.103,1.358,-6.368,-11.407,70.494403574,74.8766026818
2015-10-29,MAR,3.578,0.21,-0.045,0.095,-2.714,0.059,0.8,23.178,1.38,-5.515,-13.958,74.9642459936,65.1570352839
2016-02-18,MAR,3.706,0.202,0.001,0.096,-2.694,0.055,0.79,19.163,1.136,-4.585,-14.163,63.4567767147,67.3645294465
2016-04-28,MAR,3.772,0.219,0.003,0.099,-2.669,0.058,0.86,20.21,1.194,-4.8,-14.424,67.9138034199,69.5047867028
2016-07-28,MAR,3.902,0.247,0.58,0.679,-2.921,0.063,0.97,20.726,1.217,-5.256,-13.608,70.4802579083,72.2561261178
2016-11-09,MAR,3.942,0.07,0.399,1.078,3.28,0.018,0.26,39.196,1.888,4.952,14.959,73.3050372885,88.7684118475
2017-02-21,MAR,5.456,0.244,-0.22,0.858,3.506,0.045,0.6,43.269,1.977,6.3,13.966,87.4074816301,96.0595538852
2017-05-09,MAR,5.561,0.365,-0.12,0.738,3.629,0.066,0.95,39.432,1.936,7.065,13.64,102.169806716,105.02
