datekey,ticker,revenue,netinc,ncf,cashneq,de,netmargin,eps,pe,ps,pb,bvps,P0,P1
2001-08-10,MCD,3.7075,0.4409,0.0103,0.4133,1.314,0.119,0.34,19.869,2.484,3.912,7.167,18.3660330536,17.1956806447
2001-11-09,MCD,3.8793,0.5455,0.0623,0.4756,1.284,0.141,0.42,18.807,2.326,3.499,7.593,17.3787525299,18.2264778851
2002-03-25,MCD,3.7715,0.2719,-0.0575,0.4181,1.375,0.072,0.21,21.311,2.345,3.676,7.398,17.9430281386,19.3009501799
2002-05-10,MCD,3.5974,0.2531,0.0196,0.4377,1.318,0.07,0.2,25.088,2.535,3.959,7.498,19.6503184721,15.1085306736
2002-08-13,MCD,3.8621,0.4975,0.0382,0.4759,1.254,0.129,0.39,18.43,1.912,2.792,8.129,14.9371424548,11.2654794595
2002-11-12,MCD,4.047,0.4867,-0.0525,0.4234,1.217,0.12,0.38,14.374,1.42,2.038,8.359,11.2654794595,11.8608699857
2002-11-19,MCD,4.047,0.4867,-0.0525,0.4234,1.217,0.12,0.38,15.004,1.482,2.128,8.359,11.9210096082,8.33267880125
2003-03-12,MCD,3.8992,-0.3438,-0.093,0.3304,1.332,-0.088,-0.27,17.58,1.02,1.528,8.102,8.27253917879,12.2217077205
2003-05-13,MCD,3.7997,0.3274,0.1576,0.488,1.256,0.086,0.26,24.019,1.489,2.148,8.524,12.20834336,14.7408896837
2003-08-08,MCD,4.2808,0.4709,0.0324,0.5204,1.151,0.11,0.37,32.297,1.897,2.606,9.166,15.9637286738,17.360304351
2003-11-07,MCD,4.5046,0.5474,0.127,0.6474,1.166,0.122,0.43,32.948,2.003,2.834,9.161,17.3803508918,19.5651793713
2004-03-05,MCD,4.5554,0.1257,-0.1546,0.4928,1.13,0.028,0.1,25.597,2.197,3.143,9.467,20.2503676918,18.8664229651
2004-05-06,MCD,4.3997,0.5115,0.4768,0.9696,1.087,0.116,0.41,20.745,1.936,2.777,9.803,18.5000846551,18.2355069868
2004-08-06,MCD,4.729,0.5907,-0.0388,0.9308,1.012,0.125,0.47,18.639,1.819,2.613,10.081,17.8691686768,20.1011187507
2004-11-05,MCD,4.9257,0.7784,0.6261,1.5569,1.032,0.158,0.62,18.836,2.031,2.916,10.313,20.3928325902,23.0807440096
2005-03-04,MCD,5.0103,0.3979,-0.1771,1.3798,0.96,0.079,0.32,18.96,2.266,3.042,11.231,23.4607023815,20.6835520995
2005-05-06,MCD,4.8028,0.7279,-0.0233,1.3565,0.861,0.152,0.57,14.926,1.913,2.544,11.539,20.2966853936,21.5540021879
2005-08-05,MCD,5.0957,0.5304,0.2041,1.5606,0.879,0.104,0.42,16.071,1.973,2.725,11.402,21.6230855283,22.9563939969
2005-11-04,MCD,5.3271,0.7354,0.7365,2.2971,0.918,0.138,0.59,17.592,2.079,2.898,11.577,23.0945606776,24.9063009032
2006-02-27,MCD,5.2346,0.6085,1.9633,4.2604,0.98,0.116,0.48,17.023,2.165,2.925,12.023,24.842872293,24.9415390199
2006-05-09,MCD,5.1009,0.6253,-0.4573,3.8031,0.952,0.123,0.5,17.862,2.151,2.944,12.094,25.2516344471,25.2586820704
2006-08-04,MCD,5.5723,0.8341,-0.5127,3.2904,0.904,0.15,0.68,15.49,2.045,2.777,12.662,24.9556342666,29.635256168
2006-11-03,MCD,5.8825,0.8433,0.9923,4.2827,0.986,0.143,0.69,17.52,2.341,3.285,12.619,29.064398677,33.2072789496
2007-02-26,MCD,5.0307,1.2415,-2.1465,2.1364,0.878,0.247,1.01,15.552,2.553,3.566,12.703,33.0557134512,36.0220667762
2007-05-04,MCD,5.4641,0.7624,0.302,2.4384,0.869,0.14,0.63,16.189,2.715,3.78,13.126,36.0292841809,35.0188475252
2007-08-06,MCD,6.0105,-0.7117,-0.2963,2.1421,0.922,-0.118,-0.6,27.602,2.633,3.907,12.638,35.6972835654,42.5826876336
2007-11-02,MCD,5.9009,1.0712,0.8596,2.9925,0.982,0.182,0.9,29.536,3.115,4.664,12.631,42.597122443,41.2496039167
2008-02-25,MCD,5.7536,1.2732,-1.0112,1.9813,0.924,0.221,1.08,26.951,2.833,4.225,13.02,41.5162560519,45.3959780349
2008-05-06,MCD,5.6148,0.9461,0.9409,2.9222,1.145,0.169,0.83,26.589,2.945,4.757,12.582,45.1125794534,46.7851147849
2008-08-06,MCD,6.0753,1.1905,-0.5797,2.3425,1.087,0.196,1.05,15.596,2.994,4.78,12.952,46.642500124,42.2844335516
2008-11-06,MCD,6.2673,1.1913,-0.8553,1.4872,1.156,0.19,1.07,13.122,2.546,4.626,11.689,40.9026386695,41.7052004525
2009-02-25,MCD,5.565,0.9853,0.5762,2.0634,1.127,0.177,0.89,14.017,2.57,4.518,11.997,41.3472485859,40.5745750349
2009-05-05,MCD,5.0774,0.9795,-0.0847,1.9787,1.193,0.193,0.88,13.493,2.552,4.624,11.43,40.8744439806,42.7099912494
2009-08-06,MCD,5.6472,1.0937,0.1819,2.1606,1.205,0.194,1.0,14.083,2.653,4.519,12.07,42.5161720842,47.158243065
2009-11-05,MCD,6.0467,1.261,0.0404,2.201,1.28,0.209,1.16,15.36,2.97,5.03,12.162,48.0890493223,51.2268062671
2010-02-26,MCD,5.9734,1.2168,-0.405,1.796,1.154,0.204,1.13,15.096,3.02,4.895,13.025,50.8050882285,56.2237671766
2010-05-06,MCD,5.6101,1.0898,0.2113,2.0073,1.113,0.194,1.01,16.022,3.208,5.29,13.12,55.2371061053,56.7079981415
2010-08-05,MCD,5.9455,1.2258,-0.3418,1.6655,1.184,0.206,1.14,15.643,3.181,5.71,12.249,56.5154685114,63.9990101835
2010-11-05,MCD,6.3049,1.3884,0.8295,2.495,1.285,0.22,1.31,17.026,3.515,6.143,12.854,64.0960028738,61.263999535
2011-02-25,MCD,6.2141,1.2423,-0.108,2.387,1.185,0.2,1.18,15.701,3.226,5.307,13.873,61.1336679311,64.5500577564
2011-05-06,MCD,6.1116,1.209,-0.4471,1.9399,1.22,0.198,1.16,16.12,3.323,5.65,13.866,64.6321825118,69.7320312171
2011-08-05,MCD,6.9054,1.4102,0.1301,2.07,1.196,0.204,1.36,16.721,3.438,5.871,14.439,70.3939394393,77.4638782822
2011-11-04,MCD,7.1663,1.5073,0.3188,2.3888,1.42,0.21,1.47,17.879,3.636,7.196,12.965,78.1385636737,84.5980934764
2012-02-24,MCD,6.8227,1.3766,-0.0531,2.3357,1.293,0.202,1.35,18.568,3.784,7.101,14.082,84.1868935379,80.7127106545
2012-05-08,MCD,6.5466,1.2667,-0.0466,2.2891,1.274,0.193,1.24,17.096,3.465,6.485,14.398,79.0563719164,76.3030964903
2012-08-06,MCD,6.9159,1.347,0.1955,2.4846,1.375,0.195,1.33,16.452,3.295,6.444,13.844,76.3882657017,74.5102893913
2012-11-01,MCD,7.1524,1.455,-0.3061,2.1785,1.436,0.203,1.45,16.004,3.176,6.277,13.8,74.5102893913,82.4918077328
2013-02-25,MCD,6.9521,1.3961,0.1576,2.3361,1.314,0.201,1.39,17.642,3.497,6.304,15.259,83.2625973274,89.1704471579
2013-05-01,MCD,6.6053,1.2702,-0.4668,1.8693,1.241,0.192,1.27,18.587,3.679,6.674,15.187,88.5069505861,86.5603844712
2013-07-31,MCD,7.0838,1.3965,0.4091,2.2784,1.271,0.197,1.39,17.769,3.528,6.463,15.149,86.3051998469,85.2049664977
2013-10-30,MCD,7.3234,1.5222,0.2659,2.5443,1.344,0.208,1.53,17.109,3.417,6.301,15.206,85.1872247035,86.2738291679
2014-02-24,MCD,7.0932,1.397,0.2544,2.7987,1.288,0.197,1.4,17.101,3.399,5.967,16.137,86.3185538072,91.2397185723
2014-05-06,MCD,6.7003,1.2048,-0.0549,2.7438,1.252,0.18,1.22,18.075,3.538,6.179,16.317,91.068317084,85.749214713
2014-08-04,MCD,7.1817,1.3871,0.9268,3.6706,1.339,0.193,1.4,16.803,3.272,5.732,16.361,85.7583079489,85.9642445318
2014-11-03,MCD,6.9871,1.0684,-0.8448,2.8258,1.644,0.153,1.09,18.014,3.258,6.686,13.922,85.8541868198,87.2602907593
2015-02-24,MCD,6.5722,1.0975,-0.7479,2.0779,1.667,0.167,1.13,19.187,3.327,7.102,13.3,87.8802079983,89.9466136718
2015-05-07,MCD,5.9589,0.8115,-0.4431,1.6348,1.82,0.136,0.84,21.254,3.474,8.135,11.871,90.3105433256,93.3278326769
2015-08-05,MCD,6.4977,1.2024,2.3637,3.9985,2.309,0.185,1.26,22.487,3.613,8.9,11.079,93.9491396122,106.440983789
2015-11-04,MCD,6.6151,1.3092,-1.546,2.4525,2.966,0.198,1.41,23.347,4.025,12.42,8.932,106.744883814,112.036589891
2016-02-25,MCD,6.3413,1.2062,5.233,7.6855,4.353,0.19,1.31,23.563,4.2,15.057,7.756,113.2903737,124.672919798
2016-05-06,MCD,5.9039,1.0986,-4.3754,3.3101,7.748,0.186,1.24,23.8,4.52,29.674,4.346,125.926592413,114.164433957
2016-08-04,MCD,6.265,1.0929,-0.1821,3.128,50.791,0.174,1.27,21.448,4.018,157.739,0.741,114.922162501,109.367349237
2016-11-04,MCD,6.4241,1.2754,-0.8613,2.2667,-21.003,0.199,1.52,19.733,3.698,-56.778,-1.93,108.701668988,126.867432988
2017-03-01,MCD,6.0289,1.1934,-0.8693,1.2234,-15.074,0.198,1.45,22.552,4.293,-47.948,-2.677,128.258850192,143.077443423
2017-05-08,MCD,5.6759,1.2148,1.1496,2.4122,-16.817,0.214,1.48,24.613,4.819,-57.891,-2.48,143.355726864,153.82
