datekey,ticker,revenue,netinc,ncf,cashneq,de,netmargin,eps,pe,ps,pb,bvps,P0,P1
2001-08-13,NBL,0.413467,0.051333,0.03536,0.064626,1.129,0.124,0.23,6.906,1.1,1.93,4.507,7.56467302989,8.31446049833
2002-03-27,NBL,0.292945,-0.027476,0.055229,0.073237,1.455,-0.094,-0.12,16.867,1.433,2.23,4.466,8.61304007586,8.55196126763
2002-05-10,NBL,0.31765,-0.015098,-0.039923,0.033314,1.618,-0.048,-0.07,177.532,1.679,2.251,4.342,8.52796341713,7.00150212958
2002-08-13,NBL,0.330292,0.017119,-0.031633,0.001681,1.543,0.052,0.07,-82.675,1.437,1.775,4.4,6.8245530898,7.85320554995
2002-11-13,NBL,0.339666,-0.00119,0.004726,0.006407,1.604,-0.004,-0.01,-73.965,1.539,1.97,4.365,7.52298164629,7.83801854903
2003-03-11,NBL,0.45612,0.016821,0.009035,0.015442,1.705,0.037,0.07,116.024,1.419,2.029,4.412,7.81393525181,7.44201010397
2003-05-15,NBL,0.298621,0.034857,0.017877,0.033319,1.865,0.117,0.15,28.735,1.364,1.883,4.495,7.42008960293,8.47058607467
2003-08-14,NBL,0.254751,0.02907,0.015414,0.048733,1.78,0.114,0.13,27.238,1.606,2.095,4.522,8.4201136706,8.43764079003
2003-11-12,NBL,0.200481,0.035116,0.022649,0.071382,1.701,0.175,0.15,18.931,1.813,2.023,4.8,8.49257334726,10.255586964
2004-03-15,NBL,0.257133,-0.021051,-0.009008,0.062374,1.648,-0.082,-0.09,34.511,2.662,2.507,4.724,10.2599866152,10.0331498812
2004-05-10,NBL,0.319426,0.085546,0.077183,0.139557,1.491,0.268,0.37,19.965,2.49,2.179,5.112,9.74686597327,11.5724764323
2004-08-06,NBL,0.339202,0.072027,0.033755,0.173312,1.384,0.212,0.31,17.339,2.666,2.364,5.418,11.2289357428,12.7717610458
2004-11-09,NBL,0.326573,0.083692,-0.013213,0.160099,1.327,0.256,0.36,15.389,2.728,2.544,5.697,12.7121933228,14.8469747904
2005-03-14,NBL,0.365975,0.087445,0.019695,0.179794,1.358,0.239,0.37,12.177,2.962,2.742,6.197,14.9684179214,14.4362762016
2005-05-06,NBL,0.365234,0.109968,0.001771,0.181565,1.954,0.301,0.47,10.826,2.737,3.183,5.082,14.2594964532,19.0413886467
2005-08-04,NBL,0.488368,0.136877,0.096584,0.278149,1.838,0.28,0.47,18.315,4.951,2.563,10.204,19.3971578903,18.1538637828
2005-11-04,NBL,0.645169,0.176956,-0.154413,0.123736,2.14,0.274,0.51,13.475,3.694,2.488,7.925,17.4450745673,18.6486241666
2006-03-03,NBL,0.686801,0.221919,-0.013415,0.110321,1.873,0.323,0.66,11.295,3.335,2.36,8.816,18.3736622883,21.584507448
2006-05-03,NBL,0.711997,0.226087,0.025629,0.13595,1.744,0.318,0.64,11.003,3.31,2.407,9.888,20.9858001323,21.897023539
2006-08-04,NBL,0.77258,-0.030705,0.045441,0.181391,1.65,-0.04,-0.09,14.41,3.04,2.324,10.398,21.572260695,20.8982665735
2006-11-03,NBL,0.741319,0.318064,-0.091588,0.089803,1.301,0.429,0.9,11.608,2.931,2.09,11.588,21.883024977,26.1706094285
2007-02-26,NBL,0.714186,0.164982,0.063605,0.153408,1.331,0.231,0.47,14.679,3.387,2.421,11.868,26.0769039216,27.1612105015
2007-05-04,NBL,0.742545,0.211812,0.095811,0.249219,1.328,0.285,0.62,15.48,3.461,2.467,12.194,26.9018935947,28.377317375
2007-08-02,NBL,0.794213,0.209105,0.052531,0.30175,1.278,0.263,0.61,12.075,3.648,2.489,12.831,28.5740405457,32.7577925241
2007-10-31,NBL,0.813811,0.222675,0.149023,0.450773,1.22,0.274,0.65,16.23,4.282,2.841,13.494,34.2852651414,36.3606033783
2008-02-27,NBL,0.921461,0.300278,0.20909,0.659863,1.252,0.326,0.88,14.763,4.259,2.898,14.024,36.4414945983,39.0974229874
2008-05-01,NBL,1.025,0.215,0.147,0.807,1.237,0.21,0.63,15.4,4.103,2.892,14.66,38.1402102177,33.6051775469
2008-07-30,NBL,1.205,-0.144,0.176,0.983,1.395,-0.12,-0.42,22.42,3.358,2.671,14.491,34.7265510673,19.3761561923
2008-10-29,NBL,1.098,0.974,0.009,0.992,1.018,0.887,2.82,5.891,1.865,1.32,17.355,20.7124428262,22.1135190869
2009-02-19,NBL,0.573,0.305,0.148,1.14,0.963,0.532,0.89,6.397,2.214,1.369,17.923,22.7045465296,27.4009415166
2009-04-30,NBL,0.441,-0.188,-0.123,1.017,0.966,-0.426,-0.55,10.388,2.966,1.606,17.702,25.8006210563,25.8386808912
2009-07-30,NBL,0.491,-0.057,-0.061,0.956,0.956,-0.116,-0.17,10.062,3.997,1.717,17.512,27.3618223345,30.6131179542
2009-10-29,NBL,0.621,0.107,-0.03,0.926,0.889,0.172,0.31,71.167,5.59,1.93,17.798,31.3357942782,35.1437829861
2010-02-18,NBL,0.76,0.008,0.088,1.014,0.918,0.011,0.03,-100.312,5.681,2.134,17.795,34.6334533274,36.279381416
2010-04-29,NBL,0.733,0.237,0.017,1.031,0.947,0.323,0.68,46.32,5.245,2.137,18.376,35.9759421594,31.1476409329
2010-07-29,NBL,0.751,0.204,-0.014,1.017,0.989,0.272,0.58,21.426,4.158,1.821,18.689,31.4103540926,35.7197319793
2010-10-28,NBL,0.755,0.232,0.132,1.149,0.943,0.307,0.67,20.466,4.647,2.069,19.249,36.7825441857,41.3383454034
2011-02-10,NBL,0.783,0.052,-0.068,1.081,0.94,0.066,0.15,21.332,5.118,2.258,19.566,40.8325782411,44.2337464059
2011-04-28,NBL,0.899,0.014,0.338,1.419,1.031,0.016,0.04,33.785,5.32,2.467,19.534,44.5956715312,44.3243996491
2011-07-28,NBL,0.954,0.294,0.108,1.527,1.003,0.308,0.83,29.521,5.154,2.442,20.335,46.0354432945,39.218469618
2011-10-20,NBL,0.924,0.441,-0.275,1.252,1.088,0.477,1.25,19.144,4.307,2.023,21.418,40.4629824998,48.8652863234
2012-02-09,NBL,0.985,-0.296,0.203,1.455,1.263,-0.301,-0.84,40.443,4.869,2.522,20.639,48.4766490328,44.8243949765
2012-04-26,NBL,1.165,0.263,-0.312,1.143,1.265,0.226,0.74,25.141,4.382,2.343,21.28,46.4819564328,39.8483197373
2012-07-26,NBL,0.966,0.292,-0.441,0.702,1.176,0.302,0.82,22.099,3.829,1.982,21.924,40.8244651272,42.4296101443
2012-10-25,NBL,1.006,0.221,0.915,1.617,1.105,0.22,0.62,34.418,4.008,2.063,22.494,43.6952527623,53.5746121691
2013-02-07,NBL,1.161,0.251,-0.23,1.387,1.126,0.216,0.7,19.777,4.81,2.46,23.197,53.730283755,53.2433308974
2013-04-25,NBL,1.143,0.261,-0.082,1.305,1.08,0.228,0.73,19.868,4.763,2.392,23.782,53.6924621739,61.1793085001
2013-07-25,NBL,1.149,0.377,-0.599,0.706,1.028,0.328,1.05,20.82,5.183,2.604,24.721,61.0276399324,67.8104165043
2013-10-24,NBL,1.394,0.205,0.232,0.938,1.082,0.147,0.57,24.473,5.524,2.954,25.248,70.7933908363,58.2386105054
2014-02-06,NBL,1.328,0.135,0.179,1.117,1.139,0.102,0.37,23.041,4.493,2.454,25.582,59.7233667137,71.6088985657
2014-04-24,NBL,1.379,0.2,0.237,1.354,1.157,0.145,0.56,29.485,5.15,2.888,26.003,71.4944311642,70.9674332971
2014-07-24,NBL,1.383,0.192,-0.396,0.958,1.154,0.139,0.53,35.397,4.725,2.712,26.465,68.5001650326,54.0624670804
2014-10-28,NBL,1.269,0.419,0.211,1.169,1.132,0.33,1.16,22.323,3.941,2.125,27.453,55.9610780208,48.9391691494
2015-02-19,NBL,1.07,0.403,0.014,1.183,1.184,0.377,1.11,14.825,3.528,1.743,28.601,47.9833637152,49.2288071597
2015-05-05,NBL,0.759,-0.022,0.526,1.709,1.048,-0.029,-0.06,19.424,4.3,1.697,30.695,48.0702551183,34.3103819111
2015-08-03,NBL,0.73,-0.109,-0.431,1.278,1.024,-0.149,-0.28,18.904,3.412,1.165,28.964,32.8690147459,35.0834561436
2015-11-02,NBL,0.801,-0.283,-0.25,1.028,1.086,-0.353,-0.67,-1479.291,4.843,1.307,29.643,37.1684941342,28.124782148
2016-02-17,NBL,0.846,-2.028,0.0,1.028,1.333,-2.397,-5.02,-5.344,4.164,1.258,24.005,29.8727609268,34.5765914606
2016-05-04,NBL,0.724,-0.287,-0.075,0.953,1.329,-0.396,-0.67,-5.648,4.93,1.521,23.431,34.9497554696,33.9264541264
2016-08-03,NBL,0.847,-0.315,0.347,1.3,1.318,-0.372,-0.73,-5.022,4.546,1.506,22.588,33.5325330335,34.7200805451
2016-11-02,NBL,0.91,-0.144,0.519,1.819,1.323,-0.158,-0.33,-5.708,4.759,1.659,22.198,36.3992878546,38.1872657908
2017-02-14,NBL,1.01,-0.252,-0.639,1.18,1.229,-0.25,-0.59,-16.242,4.643,1.745,21.6,37.383009803,32.0709486491
2017-05-02,NBL,1.036,0.036,-0.393,0.787,1.227,0.035,0.08,-20.082,3.564,1.459,21.559,31.1971890574,28.0317275875
2017-08-03,NBL,1.059,-1.512,-0.247,0.54,1.191,-1.428,-3.2,-6.729,3.137,1.307,20.413,25.89,25.92
