datekey,ticker,revenue,netinc,ncf,cashneq,de,netmargin,eps,pe,ps,pb,bvps,P0,P1
2001-08-10,NEE,2.166,0.219,-0.037,0.072,1.88,0.101,0.65,13.265,1.167,1.634,17.009,15.3663258787,16.41184088
2001-11-09,NEE,2.529,0.334,0.227,0.299,1.903,0.132,0.99,13.577,1.164,1.653,17.689,16.3362638586,17.6795730032
2002-03-29,NEE,1.839,0.118,-0.217,0.082,1.903,0.064,0.35,13.406,1.235,1.741,17.923,17.5162855951,18.8522734795
2002-05-15,NEE,1.843,-0.056,0.035,0.117,2.006,-0.03,-0.17,18.004,1.322,1.905,17.188,18.6771106235,16.9085698402
2002-08-12,NEE,2.248,0.25,0.267,0.384,1.905,0.111,0.73,16.07,1.227,1.662,18.312,17.0884482427,16.6702012584
2002-11-13,NEE,2.353,0.15,0.312,0.696,1.953,0.064,0.42,21.728,1.212,1.586,18.014,16.6550602945,18.2115543921
2003-03-27,NEE,2.06,0.129,-0.43,0.266,2.097,0.063,0.37,22.936,1.305,1.698,18.133,18.3197357233,18.5886436039
2003-05-09,NEE,2.173,0.175,0.066,0.332,2.448,0.081,0.49,15.673,1.249,1.699,18.371,18.6071889749,19.1870293916
2003-08-08,NEE,2.459,0.239,-0.051,0.281,2.508,0.097,0.68,16.31,1.25,1.693,18.742,19.1932660336,20.2353988679
2003-11-12,NEE,2.974,0.331,0.654,0.935,2.643,0.111,0.93,13.554,1.226,1.716,19.363,20.2763293464,20.9308646646
2004-02-27,NEE,2.025,0.145,-0.806,0.129,2.866,0.072,0.4,13.599,1.257,1.737,19.725,21.0624044334,20.4817044787
2004-05-04,NEE,2.331,0.138,0.103,0.232,2.862,0.059,0.39,13.903,1.212,1.692,19.65,20.5875779511,21.9330117993
2004-08-03,NEE,2.619,0.257,-0.01,0.222,2.77,0.098,0.71,14.385,1.259,1.736,20.148,21.9103336482,22.2489617408
2004-11-03,NEE,2.983,0.32,0.229,0.451,2.839,0.107,0.89,15.035,1.298,1.741,20.679,22.7953700659,26.3205353948
2005-02-28,NEE,2.589,0.172,-0.226,0.225,2.759,0.066,0.48,16.668,1.405,1.962,20.913,26.2049496057,26.9093861664
2005-05-09,NEE,2.437,0.137,0.016,0.241,2.627,0.056,0.37,17.961,1.497,1.967,21.824,27.0559950063,29.2201972511
2005-08-04,NEE,2.741,0.203,-0.087,0.154,2.632,0.074,0.53,20.298,1.571,2.046,21.639,28.8101599766,28.3984112105
2005-11-04,NEE,3.504,0.339,0.948,1.102,3.007,0.097,0.88,19.529,1.475,1.979,21.879,28.5271868222,28.6881895296
2006-02-23,NEE,3.164,0.206,-0.572,0.53,2.883,0.065,0.54,18.645,1.393,1.942,22.116,28.5583477952,27.105288453
2006-05-05,NEE,3.584,0.248,-0.382,0.148,2.673,0.069,0.64,16.215,1.243,1.806,22.973,27.5535947505,30.2850896902
2006-08-04,NEE,3.809,0.238,-0.014,0.134,2.721,0.062,0.6,17.24,1.264,1.959,23.015,30.591351227,36.0863333984
2006-11-03,NEE,4.694,0.524,0.025,0.159,2.64,0.112,1.33,16.969,1.353,2.154,24.259,35.7914645262,43.2521820979
2007-02-27,NEE,3.623,0.271,0.461,0.62,2.624,0.075,0.68,18.63,1.519,2.403,25.101,41.604681946,45.9231559612
2007-05-03,NEE,3.075,0.15,-0.394,0.226,2.6,0.049,0.38,22.097,1.72,2.648,24.877,45.7949983166,42.6243672132
2007-08-02,NEE,3.929,0.405,0.497,0.723,2.661,0.103,1.02,18.039,1.59,2.387,25.656,42.9111103496,47.9751949401
2007-11-02,NEE,4.575,0.533,-0.373,0.35,2.728,0.117,1.34,19.947,1.783,2.554,26.664,48.0690374821,47.0375823798
2008-02-28,NEE,3.684,0.224,-0.06,0.29,2.738,0.061,0.56,19.602,1.685,2.396,26.952,46.1601519608,49.3920206709
2008-05-02,NEE,3.434,0.249,0.313,0.603,2.858,0.073,0.62,19.799,1.788,2.607,26.845,50.0500934851,47.5049218726
2008-08-01,NEE,3.585,0.209,-0.179,0.424,3.122,0.058,0.52,20.589,1.637,2.357,26.548,45.0829291101,35.0758965644
2008-10-31,NEE,5.387,0.774,1.168,1.592,2.943,0.144,1.93,13.261,1.2,1.674,28.806,35.0314028267,34.7486806437
2009-02-27,NEE,4.003,0.407,-1.057,0.535,2.837,0.102,1.02,11.31,1.13,1.587,29.13,34.2649052334,43.8119105962
2009-05-06,NEE,3.705,0.364,-0.259,0.276,2.776,0.098,0.9,13.305,1.399,1.945,29.826,42.9426266558,43.8627326173
2009-07-31,NEE,3.811,0.37,0.0,0.276,2.79,0.097,0.92,12.176,1.379,1.904,30.329,43.1995317592,38.5030349237
2009-10-30,NEE,4.473,0.533,-0.112,0.164,2.704,0.119,1.32,12.124,1.269,1.594,31.429,37.7420446147,36.7487324672
2010-02-26,NEE,3.655,0.348,0.074,0.238,2.737,0.095,0.85,11.878,1.226,1.479,31.899,36.3489489016,40.801440378
2010-05-03,NEE,3.622,0.556,0.977,1.215,2.82,0.154,1.36,12.084,1.403,1.637,32.726,41.2796128781,42.1703043833
2010-08-06,NEE,3.591,0.417,-0.386,0.829,2.785,0.116,1.02,12.047,1.456,1.651,33.086,42.5266062416,43.4772246234
2010-11-03,NEE,4.691,0.72,-0.038,0.791,2.727,0.153,1.75,11.2,1.469,1.615,34.439,43.6610437716,44.1360925143
2011-02-28,NEE,3.413,0.263,-0.489,0.302,2.665,0.077,0.63,11.932,1.524,1.615,34.938,44.7655705205,46.7722304211
2011-05-04,NEE,3.134,0.268,0.123,0.425,2.648,0.086,0.64,14.528,1.634,1.66,35.111,46.8211468203,45.612030126
2011-08-02,NEE,3.961,0.58,-0.138,0.287,2.66,0.146,1.39,12.511,1.507,1.537,35.754,44.6489174162,47.8884405581
2011-11-04,NEE,4.382,0.407,0.353,0.64,2.801,0.093,0.98,15.71,1.602,1.602,35.666,46.9158754574,51.0768914712
2012-02-28,NEE,3.865,0.667,-0.263,0.377,2.827,0.173,1.61,13.09,1.641,1.685,35.895,50.791358043,54.6541257335
2012-04-27,NEE,3.371,0.461,-0.102,0.275,2.889,0.137,1.12,12.727,1.728,1.768,36.922,54.7474355865,60.5406228738
2012-07-27,NEE,3.667,0.607,0.02,0.295,2.825,0.166,1.46,14.031,1.966,1.904,38.043,60.857365386,60.2304066409
2012-10-26,NEE,3.843,0.415,-0.049,0.246,2.906,0.108,0.99,13.684,1.995,1.852,37.887,60.0404053582,63.2585045215
2013-02-28,NEE,3.375,0.429,0.083,0.329,3.01,0.127,1.02,15.941,2.137,1.896,38.257,63.1969519038,71.5153485228
2013-05-02,NEE,3.279,0.272,-0.114,0.215,2.94,0.083,0.65,20.143,2.45,2.142,38.485,71.8670777668,76.7067729767
2013-07-31,NEE,3.833,0.61,0.196,0.411,2.928,0.159,1.45,21.309,2.567,2.216,39.358,76.8220814929,75.7841932619
2013-11-01,NEE,4.394,0.698,0.147,0.558,2.858,0.159,1.65,18.895,2.551,2.18,41.078,78.8155609923,83.4096512466
2014-02-24,NEE,3.63,0.327,-0.12,0.438,2.842,0.09,0.76,20.943,2.64,2.215,41.934,82.7067609271,90.8091207148
2014-05-02,NEE,3.674,0.43,0.05,0.488,2.873,0.117,0.99,20.695,2.752,2.353,41.892,89.0105605566,88.1688917174
2014-07-31,NEE,4.029,0.492,0.134,0.622,2.885,0.122,1.13,21.042,2.605,2.223,42.453,85.9266892604,95.8453033242
2014-11-07,NEE,4.654,0.66,-0.137,0.485,2.771,0.142,1.52,23.946,2.859,2.388,44.06,96.5644888615,97.89515423
2015-02-20,NEE,4.664,0.884,0.092,0.577,2.75,0.19,2.03,18.997,2.751,2.351,45.721,98.0530047111,94.4120945114
2015-05-01,NEE,4.104,0.65,-0.108,0.469,2.692,0.158,1.47,16.846,2.593,2.236,45.749,95.3007449601,99.1578358957
2015-08-03,NEE,4.358,0.716,0.082,0.551,2.606,0.164,1.61,16.734,2.739,2.282,47.897,101.523673995,96.6608954074
2015-10-30,NEE,4.954,0.879,0.63,1.181,2.56,0.177,1.94,15.11,2.615,2.118,49.148,97.4966351201,109.822674312
2016-02-22,NEE,4.069,0.507,-0.61,0.571,2.63,0.125,1.09,19.365,3.048,2.361,49.063,110.731881638,112.304834237
2016-04-29,NEE,3.835,0.636,0.057,0.628,2.663,0.166,1.38,19.816,3.152,2.368,49.755,113.375138745,123.512530349
2016-07-28,NEE,3.817,0.54,0.102,0.73,2.655,0.141,1.17,22.976,3.53,2.54,50.236,123.75534023,125.20796382
2016-11-01,NEE,4.805,0.753,-0.049,0.681,2.635,0.157,1.63,24.148,3.56,2.461,51.602,123.143988792,126.59861726
2017-02-23,NEE,3.698,0.966,0.611,1.292,2.657,0.261,2.08,20.741,3.739,2.481,52.089,127.3181516,129.962020849
2017-04-21,NEE,3.972,1.583,-0.692,0.6,2.539,0.399,3.39,16.209,3.822,2.442,54.539,132.097104099,143.11
2017-07-26,NEE,4.404,0.793,0.042,0.642,2.546,0.18,1.69,16.671,4.045,2.633,55.409,145.49,146.75
