datekey,ticker,revenue,netinc,ncf,cashneq,de,netmargin,eps,pe,ps,pb,bvps,P0,P1
2001-08-09,NKE,2.4833,0.1627,0.1181,0.304,0.665,0.066,0.08,22.212,1.38,3.748,1.622,5.09534614354,5.03722432442
2001-10-15,NKE,2.6137,0.1992,0.0609,0.3649,0.705,0.076,0.09,22.118,1.352,3.477,1.713,4.98878947514,5.81218191279
2002-01-14,NKE,2.3368,0.1293,0.0949,0.4598,0.642,0.055,0.06,24.908,1.527,3.887,1.759,5.73468615395,6.07373009886
2002-04-15,NKE,2.2603,0.1263,-0.1102,0.3496,0.615,0.056,0.06,24.796,1.579,3.959,1.801,5.98654737017,4.51897143719
2002-08-14,NKE,2.6822,0.2084,0.2259,0.5755,0.678,0.078,0.1,17.803,1.194,3.076,1.798,4.64974553023,4.48022355777
2002-10-15,NKE,2.7963,-0.0489,-0.1455,0.43,0.731,-0.017,-0.02,28.726,1.183,3.247,1.73,4.73208477399,4.97425902036
2003-01-10,NKE,2.5147,0.152,0.1258,0.5558,0.66,0.06,0.07,28.711,1.226,3.331,1.784,5.00816341485,5.55063372671
2003-04-14,NKE,2.4009,0.1247,-0.1126,0.4432,0.669,0.052,0.06,32.227,1.352,3.665,1.816,5.62328600062,5.25033766122
2003-08-07,NKE,2.9851,0.2462,0.1908,0.634,0.682,0.082,0.12,28.154,1.248,3.344,1.891,5.34720735976,6.76634844347
2003-10-10,NKE,3.0249,0.2612,0.3638,0.9978,0.664,0.086,0.12,21.172,1.519,3.937,2.009,6.69369616956,7.19257511707
2004-01-12,NKE,2.8371,0.1791,-0.0289,0.9689,0.689,0.063,0.09,22.332,1.611,4.148,2.075,7.29913178548,8.14674164776
2004-04-08,NKE,2.904,0.2003,-0.0542,0.9147,0.666,0.069,0.1,22.854,1.725,4.441,2.161,8.14674164776,7.74957588372
2004-07-30,NKE,3.4871,0.305,-0.0867,0.828,0.65,0.087,0.14,20.251,1.563,4.005,2.27,7.72535845908,8.35501149963
2004-09-30,NKE,3.5618,0.3268,0.1041,0.9321,0.603,0.092,0.15,20.454,1.617,4.118,2.392,8.3840724092,9.74024818885
2004-12-22,NKE,3.1483,0.2619,0.2497,1.1818,0.602,0.083,0.12,21.984,1.836,4.502,2.529,9.70634379435,8.7412433773
2005-04-06,NKE,3.3082,0.2734,0.0407,1.2225,0.594,0.083,0.13,18.6,1.607,4.0,2.584,8.69916253303,8.91552575079
2005-07-29,NKE,3.7214,0.3495,0.1656,1.3881,0.558,0.094,0.17,18.097,1.596,3.885,2.696,8.84166932445,8.64543219357
2005-10-03,NKE,3.862,0.4323,0.2008,1.5889,0.529,0.112,0.21,16.272,1.526,3.594,2.863,8.71105618917,9.14296935466
2006-01-06,NKE,3.4747,0.3011,-0.4544,1.1345,0.504,0.087,0.14,16.401,1.548,3.658,2.932,9.1142880287,9.04717587911
2006-04-07,NKE,3.6128,0.3258,0.3376,1.4721,0.52,0.09,0.16,15.353,1.474,3.454,3.026,8.91604193695,8.45051687193
2006-07-28,NKE,4.0054,0.3328,-0.5179,0.9542,0.57,0.083,0.16,14.66,1.365,3.247,3.076,8.55111826326,9.43918935373
2006-10-04,NKE,4.1941,0.3772,0.0765,1.0307,0.538,0.09,0.19,16.746,1.465,3.599,3.102,9.5938949384,10.5327623054
2007-01-04,NKE,3.8217,0.3256,0.0722,1.1029,0.502,0.085,0.16,18.264,1.59,3.803,3.243,10.6406026075,11.5147956858
2007-04-04,NKE,3.9269,0.3508,0.7763,1.8792,0.492,0.089,0.17,19.54,1.699,3.956,3.387,11.5992086617,12.3577512086
2007-07-27,NKE,4.3832,0.4379,-0.0225,1.8567,0.521,0.1,0.22,18.664,1.705,3.962,3.498,12.0406630405,12.9042589015
2007-10-04,NKE,4.6551,0.5697,0.1172,1.9739,0.497,0.122,0.28,17.58,1.764,4.025,3.687,12.9347654238,13.5203624601
2008-01-09,NKE,4.3395,0.3594,0.4966,2.4705,0.529,0.083,0.18,17.939,1.781,4.113,3.767,13.5509762518,15.1245204504
2008-04-04,NKE,4.5444,0.4638,-0.2281,2.2424,0.548,0.102,0.23,18.438,1.883,4.434,3.863,15.0389099573,12.8110481325
2008-07-28,NKE,5.088,0.4905,-0.1085,2.1339,0.59,0.096,0.25,14.905,1.507,3.587,3.989,12.6062299313,13.9834701445
2008-10-06,NKE,5.4322,0.5105,-0.5083,1.6256,0.568,0.094,0.26,16.263,1.529,3.693,4.139,13.5169860021,11.6315774908
2009-01-07,NKE,4.5901,0.391,0.0959,1.7215,0.557,0.085,0.2,13.162,1.243,3.01,4.192,11.2094996215,11.2304861568
2009-04-09,NKE,4.4408,0.2438,0.1706,1.8921,0.493,0.055,0.13,15.773,1.32,3.142,4.238,11.9078024995,11.7125807958
2009-07-27,NKE,4.713,0.3414,0.399,2.2911,0.524,0.072,0.18,17.117,1.327,2.927,4.472,11.7574823898,14.3045447394
2009-10-08,NKE,4.7985,0.513,-0.0305,2.2606,0.451,0.107,0.27,20.936,1.681,3.43,4.667,14.4398762885,14.8602892809
2010-01-06,NKE,4.4056,0.3754,-0.2254,2.0352,0.448,0.085,0.19,21.571,1.732,3.446,4.731,14.7696915715,16.8070238039
2010-04-07,NKE,4.733,0.4964,0.19,2.2252,0.44,0.105,0.26,20.706,1.916,3.791,4.853,16.734256281,15.659023293
2010-07-20,NKE,5.0769,0.5219,0.8539,3.0791,0.478,0.103,0.27,17.692,1.774,3.459,5.048,15.9397491151,18.6239589283
2010-10-06,NKE,5.175,0.559,-1.069,2.01,0.455,0.108,0.29,19.899,2.004,4.022,5.054,18.6262496982,19.4299244277
2011-01-06,NKE,4.842,0.457,-0.242,1.768,0.454,0.094,0.24,19.701,2.021,4.028,5.198,19.25521143,17.9767958756
2011-04-06,NKE,5.079,0.523,0.364,2.132,0.462,0.103,0.28,18.099,1.849,3.767,5.221,18.147498159,21.2664680271
2011-07-22,NKE,5.766,0.594,-0.177,1.955,0.524,0.103,0.32,20.416,2.087,4.424,5.182,21.2363652304,20.4037860593
2011-10-06,NKE,6.081,0.645,-0.347,1.608,0.495,0.106,0.35,18.655,1.902,4.182,5.337,20.7477223164,22.9115520073
2012-01-05,NKE,5.731,0.469,0.321,1.929,0.48,0.082,0.26,20.191,1.988,4.577,5.362,22.8975559462,25.8358274261
2012-04-06,NKE,5.846,0.56,0.092,2.021,0.454,0.096,0.3,22.31,2.16,4.972,5.55,25.9060398387,21.8030569825
2012-07-24,NKE,6.47,0.549,0.296,2.317,0.49,0.085,0.3,19.063,1.756,4.082,5.693,21.8288872061,22.3877206421
2012-10-09,NKE,6.669,0.567,-0.152,2.165,0.504,0.085,0.31,19.845,1.722,4.237,5.575,22.2675212787,24.8051952619
2013-01-09,NKE,5.955,0.384,0.126,2.291,0.515,0.064,0.29,22.806,1.884,4.691,5.59,24.8288643413,27.9944424758
2013-04-04,NKE,6.187,0.866,0.266,2.557,0.464,0.14,0.37,22.412,2.098,4.971,5.968,28.1987814719,30.1770495764
2013-07-23,NKE,6.697,0.668,0.78,3.337,0.576,0.1,0.39,22.64,2.223,5.043,6.265,30.1293689798,34.5105713514
2013-10-07,NKE,6.971,0.78,-0.401,2.936,0.567,0.112,0.44,23.521,2.459,5.625,6.341,34.1278647104,37.1578383586
2014-01-07,NKE,6.431,0.537,-0.85,2.086,0.571,0.084,0.3,24.067,2.61,6.049,6.406,37.1866317242,35.0626726112
2014-04-07,NKE,6.972,0.685,-0.222,1.864,0.599,0.098,0.39,23.295,2.298,5.587,6.339,34.0951276916,37.9542242385
2014-07-25,NKE,7.425,0.691,0.356,2.22,0.718,0.093,0.4,25.059,2.428,6.235,6.233,37.5292914481,43.2135725216
2014-10-07,NKE,7.982,0.962,0.083,2.303,0.668,0.121,0.56,26.391,2.634,6.832,6.445,42.6565717549,45.1502414438
2015-01-07,NKE,7.38,0.655,-0.03,2.273,0.638,0.089,0.38,27.385,2.754,7.005,6.771,46.0828768777,48.5834619628
2015-04-07,NKE,7.46,0.791,0.742,3.015,0.661,0.106,0.46,27.635,2.831,6.924,7.193,48.5250039719,55.7310570845
2015-07-23,NKE,7.779,0.865,0.837,3.852,0.7,0.111,0.5,29.792,3.186,7.674,7.428,55.6870935895,60.8571507986
2015-10-06,NKE,8.414,1.179,-0.606,3.246,0.611,0.14,0.69,30.081,3.383,8.142,7.565,60.3282562717,61.2456766109
2016-01-06,NKE,7.686,0.785,0.605,3.851,0.685,0.102,0.46,28.93,3.342,7.813,7.871,60.3718604489,59.0327574615
2016-04-05,NKE,8.032,0.95,-0.807,3.044,0.706,0.118,0.56,26.602,3.15,8.173,7.301,58.7374460185,57.0241251691
2016-07-21,NKE,8.244,0.846,0.094,3.138,0.745,0.103,0.5,25.428,2.953,7.8,7.307,56.2639351348,51.2699319389
2016-10-11,NKE,9.061,1.249,-0.479,2.659,0.739,0.138,0.75,22.533,2.613,7.094,7.304,51.299630683,52.723784655
2017-01-05,NKE,8.18,0.842,1.68,4.339,0.838,0.103,0.51,22.585,2.619,7.124,7.448,52.7138498925,55.3694359756
2017-04-04,NKE,8.432,1.141,-0.318,4.021,0.82,0.135,0.69,22.28,2.679,7.142,7.707,54.8512195122,57.77
2017-07-20,NKE,8.677,1.008,-0.213,3.808,0.875,0.116,0.61,22.904,2.827,7.827,7.551,59.1,59.76
