datekey,ticker,revenue,netinc,ncf,cashneq,de,netmargin,eps,pe,ps,pb,bvps,P0,P1
2001-08-10,NUE,1.078574872,0.033292863,0.053177569,0.385170638,0.723,0.031,0.11,17.249,0.861,1.692,7.01,7.50385678602,6.9252240106
2001-11-09,NUE,1.053088039,0.020463277,0.085970842,0.47114148,0.744,0.019,0.07,20.878,0.833,1.588,7.027,7.09973230795,9.40507876241
2002-03-22,NUE,0.979567947,0.026465891,-0.008792933,0.462348547,0.708,0.027,0.08,40.792,1.113,2.093,7.059,9.4326327041,9.32241693735
2002-05-07,NUE,1.028164467,0.020262295,-0.006131633,0.456216914,0.694,0.02,0.07,45.359,1.101,2.056,7.113,9.34997087904,7.87124267518
2002-08-08,NUE,1.14167748,0.059748302,0.081361438,0.537578352,0.708,0.052,0.19,32.268,0.975,1.806,7.262,8.41313686169,7.26505595807
2002-11-08,NUE,1.165641454,0.0391788,-0.014570905,0.523007447,0.753,0.034,0.13,23.497,0.793,1.493,7.333,7.06299371904,6.53946882699
2003-03-25,NUE,1.466293136,0.042890618,-0.304002579,0.219004868,0.886,0.029,0.14,19.382,0.654,1.352,7.428,6.5119148853,7.05380907181
2003-05-07,NUE,1.480270987,0.017781759,-0.037294467,0.181710401,0.885,0.012,0.06,20.937,0.636,1.437,7.436,6.96196259952,7.73347296675
2003-08-07,NUE,1.520460884,0.00842509,0.000565826,0.182276227,0.876,0.006,0.03,34.597,0.665,1.615,7.415,7.83450408626,8.93666175373
2003-11-05,NUE,1.604011344,0.016021779,0.102663586,0.284939813,0.912,0.01,0.05,50.063,0.702,1.835,7.422,8.94584640096,9.25812440675
2004-03-12,NUE,1.661080252,0.020552595,0.06539243,0.350332243,0.918,0.012,0.07,72.75,0.729,1.95,7.433,9.5612177653,10.1214812463
2004-05-05,NUE,2.286416,0.113238,0.047582,0.397914,0.967,0.05,0.36,30.827,0.69,1.987,7.792,10.2225123658,13.8963712573
2004-08-04,NUE,2.761822,0.251442,0.104136,0.50205,0.889,0.091,0.8,16.489,0.796,2.445,8.561,13.8504480212,14.9617903359
2004-11-03,NUE,3.239592,0.415387,0.256102,0.758152,0.89,0.128,1.31,9.244,0.744,2.376,9.807,15.485315228,20.6470869706
2005-03-08,NUE,3.088998,0.341418,0.020897,0.779049,0.775,0.111,1.08,8.526,0.84,2.767,10.816,19.9674230757,17.3845633282
2005-05-05,NUE,3.322621,0.354666,0.423662,1.202711,0.747,0.107,1.11,6.148,0.675,2.214,11.852,17.255910962,19.0938731838
2005-08-04,NUE,3.145003,0.322707,-0.141956,1.060755,0.681,0.103,1.02,6.198,0.695,2.312,12.168,18.9275502467,21.2144252678
2005-11-03,NUE,3.025911,0.291877,0.546483,1.607238,0.702,0.096,0.94,7.411,0.772,2.375,13.122,20.9062902623,30.451988075
2006-03-07,NUE,3.207464,0.341034,0.230272,1.83751,0.668,0.106,1.1,10.422,1.075,3.191,13.769,29.7147828112,39.9022441154
2006-05-04,NUE,3.545097,0.379161,0.147828,1.127978,0.644,0.107,1.22,13.925,1.438,4.072,14.696,40.6102859833,35.2663508152
2006-08-07,NUE,3.80635,0.452783,-0.244657,0.883321,0.665,0.119,1.46,10.987,1.185,3.461,14.991,35.9411072346,40.017943452
2006-11-03,NUE,3.931233,0.517578,-0.050724,0.832597,0.692,0.132,1.7,10.276,1.199,3.723,15.305,40.0736981625,42.2876890327
2007-02-28,NUE,3.46859,0.408159,-0.046946,0.785651,0.634,0.118,1.36,10.428,1.243,3.798,16.026,42.8794208132,47.2434117364
2007-05-08,NUE,3.768885,0.381029,0.095955,0.881606,0.652,0.101,1.27,11.305,1.328,3.872,17.063,46.8807666433,38.408500715
2007-08-07,NUE,4.16811,0.34485,-0.25715,0.624456,0.634,0.083,1.14,9.719,1.047,3.097,17.201,38.5162888368,41.3752148257
2007-11-06,NUE,4.259221,0.381222,-0.3522,0.272256,0.698,0.09,1.3,11.226,1.086,3.48,16.679,42.8850472264,49.7912674217
2008-02-27,NUE,4.39676,0.364846,1.121687,1.393943,0.922,0.083,1.27,13.325,1.182,3.836,17.75,49.9232425084,58.3513330616
2008-05-07,NUE,4.974269,0.409754,-0.659948,0.733995,1.09,0.082,1.42,15.108,1.274,4.179,18.826,58.0263794286,38.2202741358
2008-08-05,NUE,7.090599,0.580754,2.057885,2.79188,0.894,0.082,1.95,9.509,0.797,2.087,26.534,38.7929460775,28.4651077497
2008-11-04,NUE,7.44752,0.73459,-1.137544,1.654336,0.876,0.099,2.32,5.958,0.521,1.523,25.817,29.8420875853,27.3089560003
2009-02-26,NUE,4.150936,0.105892,0.700794,2.35513,0.75,0.026,0.28,6.025,0.466,1.391,25.25,26.6415891222,32.7002792652
2009-05-12,NUE,2.654319,-0.189645,-0.455051,1.900079,0.622,-0.071,-0.6,10.903,0.629,1.77,24.139,32.6849808889,36.3069604136
2009-08-11,NUE,2.478028,-0.133337,0.160124,2.060203,0.631,-0.054,-0.43,27.934,0.864,1.939,23.686,35.4127762505,32.1332887676
2009-11-10,NUE,3.120005,-0.029538,-0.102532,1.957671,0.686,-0.009,-0.1,-52.016,1.034,1.73,23.522,31.6440675998,32.9400928322
2010-02-25,NUE,2.937944,0.058907,0.05931,2.016981,0.675,0.02,0.18,-44.919,1.179,1.785,23.468,32.7757445429,36.7311729077
2010-05-11,NUE,3.654842,0.030964,-0.357392,1.659589,0.725,0.008,0.1,-198.518,1.189,1.984,23.159,36.2737092984,31.5934257796
2010-08-11,NUE,4.195966,0.090992,-0.858085,0.801504,0.722,0.022,0.29,79.993,0.87,1.67,22.943,30.527048184,32.0693091415
2010-11-10,NUE,4.140069,0.023495,1.048589,1.850093,0.807,0.006,0.07,62.572,0.857,1.769,22.855,32.5352459978,38.0014668757
2011-02-28,NUE,3.85375,-0.011359,-0.524687,1.923888,0.926,-0.003,-0.04,112.987,0.956,2.128,22.539,38.8437841295,36.6971648897
2011-05-11,NUE,4.833934,0.159841,-0.172462,1.72949,0.95,0.033,0.5,53.196,0.822,1.929,22.904,36.1258122335,27.963692611
2011-08-10,NUE,5.107809,0.299773,0.0366,1.766101,0.946,0.059,0.94,21.764,0.572,1.375,23.563,26.7199466362,32.9713201278
2011-11-09,NUE,5.252144,0.181518,-0.088107,1.709158,0.955,0.035,0.57,18.959,0.627,1.6,23.527,31.4052240732,37.1176007469
2012-02-28,NUE,4.829677,0.137056,0.099208,1.786478,0.918,0.028,0.43,17.93,0.697,1.867,23.588,37.0167148558,31.670093582
2012-05-09,NUE,5.072594,0.145104,-0.020831,1.766004,0.925,0.029,0.46,15.474,0.583,1.557,23.877,31.5937801035,34.8284664271
2012-08-08,NUE,5.104199,0.112299,-0.067825,1.603629,0.924,0.022,0.35,22.355,0.636,1.704,23.77,34.7342660016,35.8625172618
2012-11-07,NUE,4.801206,0.110308,0.581208,2.1074,0.935,0.023,0.35,25.523,0.65,1.688,23.969,35.0671094537,39.1761342359
2013-02-28,NUE,4.451274,0.136908,-0.640335,1.328025,0.82,0.031,0.43,28.361,0.737,1.873,24.054,39.2807666887,39.6034431402
2013-05-08,NUE,4.550772,0.084789,-0.150162,1.049273,0.824,0.019,0.26,32.808,0.771,1.926,23.745,40.3153558997,41.2130736499
2013-08-07,NUE,4.665588,0.085145,-0.272233,0.70155,0.795,0.018,0.27,35.278,0.797,1.952,23.636,40.9914979852,47.7872289978
2013-11-06,NUE,4.940936,0.147597,1.092442,1.723302,0.95,0.03,0.46,37.875,0.925,2.263,23.815,48.2961737013,45.2738093828
2014-02-28,NUE,4.89475,0.170494,-0.239657,1.483252,0.954,0.035,0.53,32.774,0.84,2.092,24.016,45.1659289792,47.6542929094
2014-05-14,NUE,5.108444,0.111031,-0.33071,1.152542,0.955,0.022,0.35,32.79,0.86,2.218,23.794,47.9531510747,46.5664786183
2014-08-13,NUE,5.291075,0.147041,-0.084981,1.067561,0.959,0.028,0.46,29.047,0.827,2.179,24.026,47.8893899427,48.9817236718
2014-11-12,NUE,5.701869,0.245447,0.228384,1.295945,0.967,0.043,0.76,25.212,0.809,2.197,24.171,48.9266157884,43.7355879027
2015-02-27,NUE,5.003753,0.210427,-0.271801,1.024144,0.97,0.042,0.65,21.017,0.711,1.931,24.362,43.522740141,45.0845608938
2015-05-13,NUE,4.39944,0.0678,0.129793,1.153937,0.913,0.015,0.21,23.201,0.763,2.044,23.763,45.4856856855,42.5800282561
2015-08-12,NUE,4.357609,0.124755,0.422559,1.576496,0.926,0.029,0.39,22.052,0.735,1.867,23.902,42.0722275658,39.1528834303
2015-11-12,NUE,4.225514,0.227126,0.318929,1.895425,0.937,0.054,0.71,20.345,0.713,1.663,24.029,38.0985481414,38.1063724502
2016-02-26,NUE,3.456713,-0.062022,0.044044,1.939469,0.872,-0.018,-0.19,35.522,0.773,1.713,23.328,38.3076891349,46.30321898
2016-05-11,NUE,3.715576,0.070754,0.339019,2.278488,0.891,0.019,0.22,41.975,0.961,2.038,23.263,46.0036781227,51.4130575633
2016-08-10,NUE,4.245772,0.233772,-0.497338,1.78115,0.925,0.055,0.73,35.487,1.065,2.2,23.715,50.9845342573,50.4073589244
2016-11-09,NUE,4.290236,0.270036,-0.076443,1.704707,0.909,0.063,0.84,35.804,1.168,2.375,24.168,56.5402379058,61.8465462233
2017-02-28,NUE,3.956538,0.221709,0.341254,2.045961,0.884,0.056,0.69,25.055,1.231,2.532,24.714,61.7774329053,58.4213708644
2017-05-10,NUE,4.815179,0.356899,-0.388202,1.657759,0.911,0.074,1.11,17.158,1.073,2.283,25.401,57.8351700343,57.48
