datekey,ticker,revenue,netinc,ncf,cashneq,de,netmargin,eps,pe,ps,pb,bvps,P0,P1
2001-08-13,PGR,1.8626,0.1037,0.0164,0.0387,2.45,0.056,0.12,32.489,1.349,3.193,3.409,6.58669292455,7.25080880778
2001-11-05,PGR,1.8601,0.0964,-0.0153,0.0234,2.501,0.052,0.11,32.196,1.484,3.475,3.511,7.41141912876,8.28049018975
2002-03-28,PGR,1.9917,0.1247,-0.0122,0.0112,2.422,0.063,0.14,29.783,1.636,3.769,3.676,8.40750218823,8.70251539055
2002-05-14,PGR,2.0686,0.1762,0.0037,0.0149,2.515,0.085,0.2,24.995,1.609,3.716,3.821,8.61851427674,7.6273011338
2002-08-13,PGR,2.2588,0.1604,0.0,0.0149,2.698,0.071,0.18,19.059,1.3,3.145,3.844,7.39209801514,8.33291048979
2002-11-01,PGR,2.4186,0.1785,0.0027,0.0176,2.642,0.074,0.2,18.986,1.39,3.434,4.059,8.45051204912,8.18170848493
2003-03-14,PGR,2.5484,0.1522,-0.0007,0.0169,2.6,0.06,0.17,18.411,1.322,3.26,4.325,8.54291327431,10.2649361074
2003-05-12,PGR,2.72,0.2915,0.0064,0.0233,2.58,0.107,0.34,19.188,1.51,3.798,4.536,10.4665387805,9.81133009282
2003-08-14,PGR,2.921,0.2863,-0.0054,0.0179,2.493,0.098,0.33,15.673,1.342,3.25,5.033,9.94573187491,11.4241514779
2003-11-12,PGR,3.0806,0.3198,0.004,0.0219,2.52,0.104,0.37,15.614,1.454,3.571,5.291,11.5165527031,12.9361715265
2004-03-04,PGR,3.1704,0.3578,-0.0098,0.0121,2.236,0.113,0.42,14.67,1.549,3.661,5.858,12.8941709696,12.6589678509
2004-05-10,PGR,3.2803,0.46,0.011,0.0231,2.097,0.14,0.53,12.583,1.439,3.233,6.402,12.5161659574,11.3485504755
2004-08-09,PGR,3.3674,0.3863,-0.0011,0.022,2.097,0.115,0.45,10.606,1.253,2.825,6.61,11.31495003,14.6665944709
2004-11-09,PGR,3.4385,0.3889,0.0125,0.0345,2.017,0.113,0.45,11.956,1.437,3.106,7.103,14.4565916864,13.2385755362
2005-03-01,PGR,3.6959,0.4135,-0.0145,0.02,2.333,0.112,0.51,10.61,1.269,3.393,6.349,13.2889762045,14.1289873426
2005-05-09,PGR,3.4918,0.4127,-0.0032,0.0168,2.347,0.118,0.52,11.617,1.329,3.513,6.652,14.2297886791,14.7001949165
2005-08-08,PGR,3.5901,0.3943,0.003,0.0198,2.302,0.11,0.5,11.749,1.33,3.382,7.087,14.5825933571,18.2702422533
2005-11-08,PGR,3.6225,0.3053,-0.0129,0.0069,2.297,0.084,0.39,15.472,1.639,4.063,7.419,18.2030413623,16.3802171926
2006-02-28,PGR,3.599,0.2816,-0.0013,0.0056,2.094,0.078,0.36,15.164,1.478,3.461,7.802,16.3466167471,16.2206150764
2006-05-04,PGR,3.6609,0.4366,0.005,0.0106,2.049,0.119,0.56,14.764,1.446,3.314,8.085,16.2878159674,14.4145911295
2006-08-03,PGR,3.7079,0.4004,0.007,0.0176,2.052,0.108,0.52,12.853,1.254,2.85,8.275,14.448191575,14.6329940254
2006-11-02,PGR,3.7238,0.4096,-0.0031,0.0145,1.956,0.11,0.53,11.768,1.224,2.678,8.689,14.3977909068,13.8265833329
2007-02-28,PGR,3.6938,0.4009,-0.0089,0.0056,1.846,0.109,0.53,10.366,1.155,2.494,9.031,13.9945855605,14.2129884564
2007-05-03,PGR,3.6868,0.3635,0.0043,0.0099,1.887,0.099,0.49,10.942,1.163,2.486,9.394,14.271789236,12.9949723062
2007-08-02,PGR,3.6759,0.2837,0.0041,0.014,2.83,0.077,0.39,10.68,1.053,2.829,7.624,13.1125738655,13.7017412631
2007-11-01,PGR,3.7096,0.2992,-0.0063,0.0077,2.68,0.081,0.43,9.617,0.877,2.425,7.606,13.7461793429,14.5736493054
2008-02-27,PGR,3.6145,0.2361,-0.0019,0.0058,2.818,0.065,0.35,11.112,0.895,2.662,7.26,14.4616591724,13.7299903036
2008-05-06,PGR,3.5859,0.2394,0.0027,0.0085,2.941,0.067,0.36,11.804,0.857,2.63,7.073,13.7673203479,15.1410659791
2008-08-07,PGR,3.5366,0.2155,0.0014,0.0099,2.936,0.061,0.32,13.529,0.927,2.788,7.2,14.8050955802,9.28771502861
2008-11-10,PGR,2.2101,-0.6842,-0.0033,0.0066,3.375,-0.31,-1.03,1194.276,0.627,1.906,6.394,8.97414265627,9.13092884244
2009-02-25,PGR,3.5075,0.1593,-0.0037,0.0029,3.33,0.045,0.24,-115.14,0.628,1.912,6.322,8.89201655875,12.0426723
2009-05-11,PGR,3.4682,0.2325,0.1316,0.1345,3.233,0.067,0.35,-135.671,0.82,2.424,6.436,11.4379255819,12.2218565127
2009-08-10,PGR,3.5835,0.2501,0.0262,0.1607,2.876,0.07,0.37,-259.408,0.859,2.228,7.36,12.0725363354,12.0426723
2009-11-09,PGR,3.6113,0.2699,0.0118,0.1725,2.647,0.075,0.4,12.312,0.792,2.042,8.244,12.430904761,12.926630711
2010-03-01,PGR,3.9006,0.305,-0.0118,0.1607,2.488,0.078,0.46,10.974,0.797,2.019,8.676,13.024616833,14.7356052712
2010-05-10,PGR,3.6659,0.2956,-0.0056,0.1551,2.389,0.081,0.45,12.229,0.928,2.206,9.391,15.4064333372,14.8335913932
2010-08-05,PGR,3.6863,0.2119,-0.0013,0.1538,2.41,0.057,0.32,12.182,0.887,2.091,9.547,14.8863531512,16.5370424373
2010-11-08,PGR,3.7695,0.2616,0.0012,0.155,2.281,0.069,0.4,13.433,0.96,2.149,10.237,16.3938319513,16.8262575234
2011-03-01,PGR,3.8416,0.2992,0.0039,0.1589,2.497,0.078,0.45,12.659,0.904,2.236,9.249,16.5516090569,17.5128786898
2011-05-09,PGR,3.8935,0.3629,-0.0034,0.1555,2.406,0.093,0.56,12.507,0.935,2.247,9.697,17.4967228976,13.8939812483
2011-08-09,PGR,3.8727,0.2452,-0.0058,0.1497,2.435,0.063,0.38,10.122,0.769,1.863,9.866,14.8714066734,14.9683414263
2011-11-07,PGR,3.811,0.1507,0.0206,0.1703,2.807,0.04,0.24,11.005,0.755,2.002,9.278,15.154133036,17.6659005042
2012-02-28,PGR,3.9309,0.2567,-0.0146,0.1557,2.762,0.065,0.43,12.971,0.849,2.268,9.555,17.7482974282,17.9542897381
2012-05-07,PGR,4.0612,0.2576,0.0003,0.156,2.563,0.063,0.42,14.752,0.857,2.148,10.311,18.1026042013,16.2816321811
2012-08-02,PGR,4.1131,0.1186,0.0095,0.1655,2.614,0.029,0.2,14.957,0.736,1.864,10.395,15.8531681763,18.3745140505
2012-11-01,PGR,4.3455,0.277,0.0267,0.1922,2.574,0.064,0.46,14.881,0.823,2.066,10.89,18.4486712821,21.0090234184
2013-02-26,PGR,4.5641,0.2491,-0.0131,0.1791,2.778,0.055,0.42,16.264,0.859,2.443,10.007,21.2185897367,21.9084122014
2013-05-02,PGR,4.4372,0.3086,-0.0689,0.1102,2.685,0.07,0.51,15.894,0.868,2.371,10.639,21.9346079912,22.7117497553
2013-08-06,PGR,4.5936,0.3246,-0.0133,0.0969,2.655,0.071,0.54,13.444,0.869,2.389,10.882,22.6680901056,23.1570781818
2013-11-12,PGR,4.5213,0.2324,0.004,0.1009,2.608,0.051,0.39,14.275,0.878,2.343,11.342,23.1570781818,22.027507363
2014-02-26,PGR,4.6188,0.2998,-0.0258,0.0751,2.943,0.065,0.51,12.208,0.783,2.299,10.362,22.213393501,22.901172212
2014-05-12,PGR,4.7076,0.3213,0.0216,0.0967,2.777,0.068,0.54,12.482,0.797,2.284,10.841,23.08705835,22.1576276596
2014-07-30,PGR,4.7415,0.2934,0.0294,0.1261,2.749,0.062,0.5,12.212,0.753,2.063,11.484,22.0089187492,24.4161442373
2014-10-29,PGR,4.7661,0.2961,-0.0355,0.0906,2.738,0.062,0.5,12.596,0.81,2.199,11.759,24.0536662681,25.4266493287
2015-03-02,PGR,5.1762,0.3702,0.0178,0.1084,2.722,0.072,0.63,12.454,0.823,2.303,11.791,25.8464514189,25.8941562019
2015-05-11,PGR,4.8953,0.2956,-0.0069,0.1015,2.732,0.06,0.5,12.648,0.811,2.205,12.256,25.8178285491,29.1380814446
2015-08-05,PGR,5.2833,0.3633,0.1623,0.2638,2.923,0.069,0.62,13.592,0.895,2.447,12.566,29.3289005765,31.6282711162
2015-11-05,PGR,5.2738,0.2783,-0.0693,0.1945,2.952,0.053,0.48,14.477,0.918,2.537,12.751,30.8936174583,31.5287578746
2016-02-29,PGR,5.4014,0.3304,0.0299,0.2244,3.027,0.061,0.56,14.714,0.894,2.559,12.488,31.3421971771,32.2357247282
2016-05-05,PGR,5.5575,0.2582,-0.0145,0.2099,3.002,0.046,0.44,15.582,0.891,2.536,12.963,32.2848196486,31.960793174
2016-08-03,PGR,5.8193,0.1909,-0.0752,0.1347,3.019,0.033,0.33,18.159,0.871,2.452,13.454,32.4124664416,30.5566784509
2016-11-03,PGR,5.935,0.1987,0.009,0.1657,3.095,0.033,0.34,18.613,0.802,2.249,13.92,30.7825150847,39.18
2017-03-01,PGR,6.1296,0.3832,0.0681,0.2264,3.14,0.063,0.66,22.46,0.988,2.91,13.729,39.87,39.41
2017-05-03,PGR,6.3217,0.4243,0.003,0.215,3.026,0.067,0.73,19.435,0.961,2.73,14.687,40.05,47.26
2017-08-02,PGR,6.6057,0.3676,-0.0535,0.1618,3.025,0.056,0.63,19.972,1.098,3.051,15.489,47.22,47.71
