datekey,ticker,revenue,netinc,ncf,cashneq,de,netmargin,eps,pe,ps,pb,bvps,P0,P1
2001-08-14,SHW,1.407514,0.09048,0.012226,0.013377,1.63,0.064,0.58,-267.069,0.695,2.464,9.246,17.2265530477,19.4017455117
2001-11-13,SHW,1.366768,0.090321,-0.010863,0.002514,1.534,0.066,0.58,-132.504,0.775,2.704,9.434,19.5242022882,21.9006957222
2002-03-14,SHW,1.133353,0.045433,0.1163,0.118814,1.439,0.04,0.3,16.553,0.86,2.928,9.751,21.9776753206,24.8490143379
2002-05-15,SHW,1.149178,-0.148351,-0.099481,0.019333,1.687,-0.129,-0.98,63.102,0.972,3.845,8.374,24.7874306593,22.2566986102
2002-08-09,SHW,1.453198,0.107526,-0.00783,0.011503,1.635,0.074,0.71,45.947,0.855,3.312,8.751,22.4113664255,21.6959885613
2002-11-12,SHW,1.426266,0.111333,0.038353,0.049856,1.569,0.078,0.74,36.415,0.818,3.156,8.925,22.0164264327,19.5345355268
2003-03-13,SHW,1.156146,0.057058,0.114156,0.164012,1.558,0.049,0.38,29.887,0.735,2.841,9.162,20.4621311775,22.1207979768
2003-05-13,SHW,1.148461,0.030802,-0.151178,0.012834,1.663,0.027,0.21,13.346,0.79,3.199,8.716,21.9164124944,23.3541019529
2003-08-14,SHW,1.471678,0.11013,0.007182,0.020016,1.581,0.075,0.76,13.963,0.83,3.156,9.376,23.3936315771,26.4080805681
2003-11-12,SHW,1.503086,0.120297,0.128702,0.148718,1.541,0.08,0.83,15.142,0.913,3.366,9.823,26.396159978,27.3974653964
2004-03-11,SHW,1.284539,0.070831,0.154095,0.302813,1.524,0.055,0.49,14.798,0.909,3.368,10.186,27.5258283382,30.3096996391
2004-05-07,SHW,1.319522,0.051468,-0.199243,0.10357,1.516,0.039,0.36,14.863,0.94,3.612,10.135,29.371045627,32.2725413357
2004-08-05,SHW,1.617955,0.126438,0.129979,0.233549,1.601,0.078,0.89,15.033,0.969,3.69,10.56,31.4022705581,36.359016429
2004-11-08,SHW,1.67713,0.132863,-0.136327,0.097222,1.838,0.079,0.95,16.442,1.064,3.995,11.111,35.9220284728,37.2971995437
2005-03-10,SHW,1.499183,0.082485,-0.05129,0.045932,1.595,0.055,0.59,16.291,1.048,3.889,11.727,37.2237477285,35.9669055556
2005-05-06,SHW,1.538545,0.083294,-0.038436,0.007496,1.812,0.054,0.6,14.292,0.959,3.812,11.458,35.648614356,38.6262665653
2005-08-08,SHW,1.965358,0.153221,0.005024,0.01252,1.698,0.078,1.12,14.36,0.971,3.794,12.32,38.3228974583,34.7695854061
2005-11-09,SHW,1.976728,0.151608,0.017316,0.029836,1.61,0.077,1.11,12.218,0.824,3.28,12.805,34.5884080307,36.385127481
2006-03-07,SHW,1.71003,0.075135,0.006205,0.036041,1.525,0.044,0.57,12.717,0.819,3.404,12.796,36.2436806099,43.9566952851
2006-04-25,SHW,1.768528,0.113671,0.458211,0.494252,1.736,0.064,0.84,13.987,0.93,3.746,13.702,42.2842940449,41.3325798889
2006-07-27,SHW,2.12997,0.184592,-0.245608,0.248644,1.505,0.087,1.37,12.677,0.877,3.378,14.653,40.9980385705,48.9602474257
2006-10-25,SHW,2.116711,0.179112,0.151716,0.40036,1.466,0.085,1.34,14.234,1.018,3.814,15.433,49.0190736756,55.5442410139
2007-02-28,SHW,1.79455,0.098683,0.06881,0.46917,1.507,0.055,0.75,15.533,1.146,4.491,14.818,56.4175250706,55.5952110313
2007-04-23,SHW,1.756178,0.111802,-0.169331,0.299839,1.583,0.064,0.85,14.997,1.104,4.499,14.606,55.3493645659,61.1193598451
2007-07-23,SHW,2.198188,0.202607,-0.242297,0.057542,1.507,0.092,1.56,15.81,1.19,4.646,15.544,60.9575332235,57.2037770363
2007-10-25,SHW,2.197042,0.200349,-0.036309,0.021233,1.769,0.091,1.59,13.306,1.027,4.425,14.646,55.5952951214,47.5502294686
2008-02-28,SHW,1.853884,0.10082,0.006092,0.027325,1.719,0.054,0.85,10.615,0.816,3.659,14.541,46.0445443135,47.4896559279
2008-04-24,SHW,1.781682,0.077946,-0.0072,0.020125,2.094,0.044,0.65,11.264,0.816,4.046,13.553,47.6108030094,43.919160133
2008-07-22,SHW,2.229545,0.171683,0.025449,0.045574,2.102,0.077,1.48,11.264,0.77,3.725,14.331,45.9823595288,49.2790534283
2008-10-22,SHW,2.268658,0.177081,-0.004647,0.040927,1.916,0.078,1.53,12.359,0.802,3.751,15.007,48.8498544205,38.8270810984
2009-02-24,SHW,1.699842,0.050166,-0.014715,0.026212,1.75,0.03,0.44,11.356,0.679,3.373,13.699,40.7406574324,51.0167843665
2009-04-24,SHW,1.550677,0.037279,0.016033,0.042245,1.789,0.024,0.32,15.703,0.884,4.33,13.644,51.9854012443,51.1655736444
2009-07-31,SHW,1.947827,0.158023,0.007014,0.049259,1.596,0.081,1.37,15.893,0.899,3.873,15.052,51.657550314,51.8621930599
2009-10-27,SHW,1.996909,0.175208,-0.016489,0.03277,1.613,0.088,1.54,15.462,0.904,3.82,15.01,51.6372529442,58.0454464787
2010-02-24,SHW,1.598836,0.065338,0.036559,0.069329,1.9,0.041,0.61,16.187,0.994,4.732,13.608,58.606621854,72.2775561643
2010-04-28,SHW,1.565482,0.032603,0.021844,0.091173,2.016,0.021,0.3,20.187,1.224,5.822,13.849,72.1956397803,63.7144623441
2010-07-27,SHW,2.143064,0.181706,-0.042772,0.048401,2.096,0.085,1.67,16.623,1.035,4.938,14.219,63.5498727456,66.1398006559
2010-10-28,SHW,2.172259,0.175258,0.016547,0.064948,2.153,0.081,1.63,17.024,1.035,4.713,15.435,65.9467856734,77.6339640638
2011-02-23,SHW,1.895619,0.072918,-0.006363,0.058585,2.212,0.038,0.69,19.165,1.14,5.507,15.007,76.6779717639,77.1696756361
2011-04-26,SHW,1.855586,0.068316,-0.004638,0.053947,2.386,0.037,0.64,17.664,1.091,5.473,15.315,76.6872491955,73.5467275539
2011-07-27,SHW,2.354751,0.179115,0.017616,0.071563,2.225,0.076,1.69,16.649,0.997,4.724,16.688,72.3355450632,76.6363512928
2011-10-27,SHW,2.48492,0.179877,-0.025537,0.046026,2.328,0.072,1.74,17.148,0.998,5.199,16.152,77.4041192593,94.0055130271
2012-02-23,SHW,2.070442,0.014552,-0.01333,0.032696,2.447,0.007,0.16,23.801,1.2,6.933,14.562,95.3031784065,111.53945682
2012-04-25,SHW,2.136344,0.100216,-0.007203,0.025493,2.617,0.047,0.97,26.225,1.373,8.236,14.78,113.559551925,124.58005838
2012-07-25,SHW,2.573022,0.227813,0.021123,0.046616,2.655,0.089,2.23,25.461,1.436,8.642,15.173,122.75217703,132.966145219
2012-10-26,SHW,2.603226,0.234953,0.008565,0.055181,2.161,0.09,2.29,24.928,1.534,8.091,17.527,132.614734692,154.021316989
2013-02-28,SHW,2.22187,0.068052,0.807409,0.86259,2.48,0.031,0.66,26.478,1.752,9.325,17.329,154.365221189,173.337269538
2013-04-24,SHW,2.167168,0.116185,-0.24866,0.61393,2.401,0.054,1.13,28.865,1.952,10.301,17.781,172.936047972,164.542674347
2013-07-24,SHW,2.713889,0.257287,0.127154,0.741084,2.432,0.095,2.51,26.117,1.82,9.46,18.369,164.7916912,186.773826846
2013-10-30,SHW,2.847417,0.262966,0.294629,1.035713,2.702,0.092,2.6,27.109,1.919,10.215,18.611,181.039205645,191.245821439
2014-02-27,SHW,2.457058,0.116123,-0.290824,0.744889,2.597,0.047,1.17,26.498,1.958,11.237,17.693,192.025984187,195.802372871
2014-04-23,SHW,2.366556,0.115457,-0.378424,0.366465,2.744,0.049,1.16,26.768,1.938,12.174,16.726,195.049026791,207.849518073
2014-07-24,SHW,3.042995,0.291447,-0.099267,0.267198,3.158,0.096,3.0,26.558,1.948,13.689,15.786,206.745429491,217.507211579
2014-10-29,SHW,3.15057,0.32624,-0.005852,0.261346,3.673,0.104,3.42,25.077,1.933,15.753,14.261,215.419530754,282.848046891
2015-02-25,SHW,2.569412,0.132743,-0.220614,0.040732,4.726,0.052,1.42,31.535,2.453,27.403,10.501,280.054798338,275.507451843
2015-04-22,SHW,2.450284,0.131404,0.023281,0.064013,11.488,0.054,1.41,29.762,2.341,55.939,5.059,274.746543223,261.061185705
2015-07-22,SHW,3.132139,0.349937,0.011055,0.075068,7.1,0.112,3.78,27.13,2.257,33.685,8.209,267.612404643,241.872200578
2015-10-29,SHW,3.152285,0.374491,0.015961,0.091029,5.251,0.119,4.04,24.308,2.126,24.617,10.588,252.997380821,250.296981432
2016-02-24,SHW,2.604596,0.198017,0.114715,0.205744,5.673,0.076,2.16,22.739,2.113,27.611,9.406,255.210353137,295.853444793
2016-04-27,SHW,2.574024,0.147128,-0.135196,0.070548,5.033,0.057,1.61,25.838,2.411,27.613,10.941,294.532494454,289.568892256
2016-07-27,SHW,3.219525,0.378064,0.332108,0.402656,4.347,0.117,4.12,24.557,2.334,21.623,13.582,288.975715966,245.508819781
2016-10-26,SHW,3.279462,0.386733,0.299913,0.702569,3.33,0.118,4.2,20.862,1.983,14.492,17.369,247.115072711,310.861549323
2017-02-22,SHW,2.782591,0.20303,0.187224,0.889793,2.595,0.073,2.2,25.739,2.459,15.521,20.132,310.801867726,323.183679704
2017-04-21,SHW,2.761387,0.239152,0.128015,1.017808,2.384,0.087,2.58,25.046,2.51,14.636,22.316,323.762182679,352.22
2017-07-26,SHW,3.735817,0.319111,-0.807759,0.210049,7.664,0.085,3.44,28.527,2.608,13.696,25.756,350.6,335.07
