datekey,ticker,revenue,netinc,ncf,cashneq,de,netmargin,eps,pe,ps,pb,bvps,P0,P1
2001-07-24,SJM,0.169693,0.007731,0.020337,0.051125,0.904,0.046,0.34,21.189,0.998,2.63,10.708,16.5740136966,17.0628671919
2001-09-12,SJM,0.169792,0.008387,-0.000133,0.050992,0.944,0.049,0.37,22.789,1.012,2.66,10.836,16.1321653451,23.7563996661
2001-12-07,SJM,0.172844,0.007864,-0.017774,0.033218,0.928,0.045,0.34,29.735,1.384,3.624,10.937,23.5777801197,22.4684587265
2002-03-11,SJM,0.168392,0.007947,0.034222,0.06744,0.877,0.047,0.34,28.284,1.327,3.368,11.415,22.9949163369,21.0140403362
2002-07-26,SJM,0.17612,0.006653,0.024474,0.091914,0.874,0.038,0.21,52.85,2.373,5.82,5.653,20.9630663147,23.834529739
2002-09-13,SJM,0.274936,0.016017,-0.017819,0.074095,0.438,0.058,0.39,49.418,2.4,1.778,21.569,24.5777570104,24.8751908373
2002-12-13,SJM,0.366975,0.029087,0.02473,0.098825,0.435,0.079,0.59,32.002,1.937,1.752,21.925,24.759192538,22.0245825851
2003-03-13,SJM,0.340826,0.027993,0.052006,0.150831,0.415,0.082,0.56,21.155,1.456,1.516,22.364,21.959804401,26.0234343673
2003-07-24,SJM,0.329007,0.023245,0.030394,0.181225,0.437,0.071,0.47,20.653,1.517,1.77,22.503,25.9647642998,26.6522584
2003-09-11,SJM,0.350307,0.025785,-0.013757,0.167468,0.44,0.074,0.52,19.31,1.477,1.798,22.802,26.8817366396,30.0388059864
2003-12-11,SJM,0.385998,0.032067,-0.097317,0.070151,0.416,0.083,0.64,21.032,1.632,1.96,23.394,30.2101550333,33.5231783369
2004-03-11,SJM,0.355297,0.031318,0.048169,0.11832,0.402,0.088,0.63,22.646,1.792,2.128,23.877,33.6490061497,30.9554539948
2004-07-13,SJM,0.325409,0.02218,-0.011718,0.106602,0.391,0.068,0.45,24.319,1.911,2.237,20.794,30.9554539948,30.7404724473
2004-09-09,SJM,0.415816,0.032848,-0.060086,0.04553,0.702,0.079,0.61,22.602,1.805,1.648,27.821,30.6936221735,30.882695078
2004-12-09,SJM,0.588922,0.038005,-0.011956,0.032509,0.701,0.065,0.65,21.614,1.595,1.601,28.73,30.9432493821,34.5152257518
2005-03-11,SJM,0.550234,0.036108,0.022943,0.055452,0.567,0.066,0.62,23.068,1.584,1.775,28.737,34.4949346138,31.5527263515
2005-07-12,SJM,0.491454,0.022112,0.002633,0.058085,0.559,0.045,0.37,21.152,1.336,1.615,28.804,31.6275280735,32.6501254457
2005-09-08,SJM,0.510331,0.029897,-0.010598,0.047487,0.586,0.059,0.51,22.029,1.298,1.64,29.0,32.5270206577,31.0324728189
2005-12-09,SJM,0.606264,0.046444,-0.005126,0.042361,0.574,0.077,0.8,19.573,1.22,1.524,29.607,31.039352108,27.8746589376
2006-03-10,SJM,0.536453,0.031312,0.046885,0.089246,0.531,0.058,0.54,18.054,1.092,1.345,29.922,27.8677352766,31.5469704151
2006-06-30,SJM,0.501678,0.035701,-0.01729,0.071956,0.533,0.071,0.63,17.817,1.185,1.478,30.242,31.1635265758,33.875558652
2006-09-08,SJM,0.526509,0.028724,0.024184,0.09614,0.557,0.055,0.51,19.578,1.282,1.595,30.425,34.0439541382,34.0381061319
2006-12-08,SJM,0.604955,0.045569,-0.018439,0.077701,0.533,0.075,0.8,19.376,1.262,1.56,30.897,34.0169381555,35.2869976365
2007-03-09,SJM,0.523081,0.040427,0.074467,0.152168,0.513,0.077,0.72,18.692,1.304,1.602,31.004,35.2444147753,43.7711886874
2007-06-26,SJM,0.493472,0.042499,0.047951,0.200119,0.5,0.086,0.76,22.242,1.628,1.947,31.545,43.828266032,39.3517527512
2007-09-07,SJM,0.561513,0.040761,0.006543,0.206662,0.735,0.073,0.72,18.659,1.447,1.711,32.091,39.3876183661,37.0139408798
2007-12-07,SJM,0.70789,0.050166,0.080461,0.287123,0.712,0.071,0.88,17.241,1.311,1.563,33.337,37.5838300494,36.5386423802
2008-03-11,SJM,0.665373,0.042401,0.040541,0.327664,0.709,0.064,0.75,16.004,1.159,1.521,33.292,36.7418767835,30.7252660889
2008-06-27,SJM,0.589998,0.037051,-0.143489,0.184175,0.739,0.063,0.68,13.301,0.898,1.259,32.864,30.2213337475,39.9673751061
2008-09-09,SJM,0.663657,0.042291,-0.041476,0.142699,0.779,0.064,0.78,16.824,1.101,1.592,33.182,38.8134806795,34.623299701
2008-12-09,SJM,0.843142,0.051453,0.036247,0.166312,1.233,0.061,0.95,28.289,1.774,3.24,12.769,33.6236128787,28.3910808061
2009-03-10,SJM,1.182594,0.077941,0.193595,0.359907,0.678,0.066,0.68,19.62,1.249,0.833,41.501,28.3173802791,40.1621720207
2009-06-26,SJM,1.06854,0.094268,0.096786,0.456693,0.658,0.088,0.83,21.635,1.531,1.165,41.537,39.9639218914,43.0214001731
2009-09-08,SJM,1.051526,0.098063,-0.166921,0.289772,0.636,0.093,0.83,19.596,1.521,1.252,42.33,44.0859157776,49.8027665649
2009-12-08,SJM,1.278745,0.13999,0.119936,0.409708,0.643,0.109,1.18,17.103,1.532,1.366,43.144,49.3424048572,49.8336961206
2010-03-11,SJM,1.205939,0.135479,-0.284147,0.125561,0.507,0.112,1.14,15.011,1.525,1.34,43.99,49.6316334906,52.1013028389
2010-06-24,SJM,1.069079,0.120606,0.158009,0.28357,0.497,0.113,1.01,15.14,1.625,1.405,44.582,53.0846661857,51.736187895
2010-09-09,SJM,1.047312,0.102881,0.239203,0.522773,0.561,0.098,0.86,14.636,1.587,1.354,45.146,52.1629837034,56.090758366
2010-12-10,SJM,1.278913,0.149726,-0.03531,0.487463,0.554,0.117,1.25,15.33,1.695,1.417,46.23,56.2625524192,60.7383536039
2011-03-11,SJM,1.312351,0.131995,0.06212,0.549583,0.559,0.101,1.12,16.392,1.759,1.544,46.24,61.759020896,65.6725152369
2011-06-28,SJM,1.187167,0.09488,-0.229738,0.319845,0.573,0.08,0.83,18.12,1.8,1.642,46.271,66.0901464944,63.2908615028
2011-09-08,SJM,1.188883,0.111523,-0.21737,0.102475,0.642,0.094,0.98,16.773,1.648,1.531,46.98,62.9930633723,67.106586157
2011-12-09,SJM,1.513905,0.127247,0.393813,0.496288,0.718,0.084,1.12,18.849,1.687,1.636,47.31,68.2257636281,67.0011233965
2012-03-09,SJM,1.467641,0.116844,-0.12586,0.370428,0.715,0.08,1.03,18.759,1.577,1.57,48.065,66.8858640867,67.4522276549
2012-06-25,SJM,1.355353,0.10413,-0.14072,0.229708,0.765,0.077,0.94,17.81,1.482,1.586,46.754,66.149578814,77.2417198978
2012-09-06,SJM,1.369703,0.110863,0.081766,0.311474,0.773,0.081,1.0,20.652,1.661,1.815,47.723,77.8076262071,80.1865751234
2012-12-04,SJM,1.628746,0.148847,-0.107919,0.203555,0.783,0.091,1.36,20.064,1.657,1.872,47.507,80.3582808517,86.6197657877
2013-03-01,SJM,1.559558,0.154168,0.235259,0.438814,0.746,0.099,1.42,19.934,1.746,1.963,49.043,87.5014150303,91.3278199496
2013-06-21,SJM,1.339693,0.130322,-0.182406,0.2564,0.754,0.097,1.22,19.613,1.81,2.073,48.582,91.9946464005,97.8490957235
2013-08-28,SJM,1.3509,0.1266,-0.0989,0.1575,0.78,0.094,1.19,19.773,1.883,2.182,48.276,96.7013865215,97.497976036
2013-11-27,SJM,1.5599,0.1534,-0.007,0.1505,0.789,0.098,1.46,19.67,1.911,2.149,49.153,97.4887450214,91.5904291163
2014-02-27,SJM,1.4655,0.1667,0.0181,0.1686,0.727,0.114,1.59,17.905,1.807,1.985,50.196,92.5471083779,99.4633410484
2014-06-23,SJM,1.2343,0.1185,-0.0151,0.1535,0.804,0.096,1.18,19.228,1.937,2.161,49.385,99.6969107953,96.3323416615
2014-08-27,SJM,1.3238,0.116,-0.0041,0.1494,0.819,0.088,1.14,18.803,1.868,2.051,49.936,96.2853365177,95.7355308652
2014-11-26,SJM,1.4818,0.1583,-0.0441,0.1053,0.807,0.107,1.55,18.404,1.87,1.994,50.728,95.6787650598,109.626806114
2015-02-27,SJM,1.44,0.1609,0.0064,0.1117,0.741,0.112,1.58,21.2,2.142,2.247,51.337,109.760021572,106.870397329
2015-06-25,SJM,1.4471,-0.0903,0.0139,0.1256,1.382,-0.062,-0.95,38.488,2.332,1.873,59.222,106.133690024,109.758494353
2015-09-02,SJM,1.952,0.1364,0.008,0.1336,1.35,0.07,1.14,37.881,2.189,1.941,59.583,111.317946737,116.480108505
2015-12-04,SJM,2.0777,0.176,0.0054,0.139,1.308,0.085,1.47,38.477,2.131,2.037,60.44,119.229929853,124.400317832
2016-03-03,SJM,1.9739,0.1853,0.0015,0.1405,1.223,0.094,1.55,37.694,2.061,2.096,61.207,124.886978961,142.01306531
2016-06-21,SJM,1.8076,0.191,-0.0307,0.1098,1.281,0.106,1.61,24.682,2.176,2.425,60.197,142.834854886,139.096807471
2016-08-30,SJM,1.8158,0.17,-0.0002,0.1096,1.264,0.094,1.46,22.526,2.12,2.293,60.952,137.396069066,125.02430746
2016-11-22,SJM,1.9139,0.1773,0.0122,0.1218,1.236,0.093,1.52,20.423,1.967,2.058,61.667,125.479085108,139.99232453
2017-02-24,SJM,1.8788,0.1346,0.0178,0.1396,1.183,0.072,1.16,24.43,2.217,2.27,62.194,140.340242684,124.72
2017-06-19,SJM,1.7838,0.1104,0.0272,0.1668,1.283,0.062,0.97,23.779,1.905,2.056,60.388,124.16,121.47
