datekey,ticker,revenue,netinc,ncf,cashneq,de,netmargin,eps,pe,ps,pb,bvps,P0,P1
2001-08-10,SNA,0.5256,0.0089,0.0017,0.0065,1.442,0.017,0.15,14.174,0.71,1.824,14.261,17.4369762617,19.1387387493
2001-11-13,SNA,0.5081,0.0006,-0.001,0.0055,1.468,0.001,0.01,20.664,0.781,2.024,14.081,19.3488311364,22.9852439341
2002-03-25,SNA,0.5346,-0.0174,0.0012,0.0067,1.545,-0.033,-0.29,100.038,0.907,2.45,13.399,22.5379263126,22.5035172648
2002-05-10,SNA,0.51,0.0245,-0.0013,0.0054,1.525,0.048,0.42,111.722,0.892,2.36,13.547,21.9392088808,18.3194813215
2002-08-13,SNA,0.5472,0.0292,0.0008,0.0062,1.439,0.053,0.5,41.463,0.729,1.799,14.613,18.1808024319,19.0482821118
2002-11-07,SNA,0.5024,0.0192,0.0007,0.0069,1.357,0.038,0.33,27.824,0.737,1.822,14.512,18.4956510847,16.9743063237
2003-03-05,SNA,0.5495,0.0331,0.0115,0.0184,1.401,0.06,0.57,12.89,0.648,1.645,14.268,16.7533052754,21.3372947614
2003-05-09,SNA,0.5431,0.0214,-0.003,0.0154,1.36,0.039,0.37,17.05,0.819,2.046,14.734,21.494134215,19.6068781126
2003-08-07,SNA,0.5652,0.0223,0.0074,0.0228,1.272,0.039,0.38,16.75,0.744,1.735,15.926,19.8081217296,21.0864732771
2003-10-29,SNA,0.5256,0.0177,0.0626,0.0854,1.271,0.034,0.3,17.837,0.772,1.816,15.919,20.9704940497,22.7336046792
2004-03-16,SNA,0.5993,0.0173,0.0107,0.0961,1.115,0.029,0.3,23.107,0.814,1.799,17.369,23.0431059422,24.9516970644
2004-05-06,SNA,0.6163,0.0127,0.0115,0.1076,1.182,0.021,0.22,28.022,0.85,1.971,17.103,24.8632681321,23.1682714943
2004-08-10,SNA,0.6121,0.0222,0.019,0.1266,1.189,0.036,0.38,26.407,0.784,1.883,16.931,23.7103496415,22.5925443625
2004-11-08,SNA,0.5688,0.0228,0.0267,0.1533,1.146,0.04,0.39,23.392,0.732,1.751,17.367,22.8170479501,25.3077360157
2005-02-25,SNA,0.61,0.024,-0.0033,0.15,1.062,0.039,0.41,23.338,0.792,1.717,19.183,25.0797383939,25.4901341131
2005-05-06,SNA,0.6128,0.0179,-0.0046,0.1454,1.093,0.029,0.31,22.352,0.808,1.805,18.619,25.5433335582,26.6124878905
2005-07-28,SNA,0.6086,0.0266,-0.0148,0.1306,1.098,0.044,0.46,23.639,0.899,2.079,17.988,28.5800970355,28.2425045606
2005-10-26,SNA,0.5672,0.021,0.0477,0.1783,1.088,0.037,0.36,22.81,0.851,1.973,17.872,27.1707851683,30.6190076746
2006-02-21,SNA,0.5736,0.0274,-0.0079,0.1704,1.087,0.048,0.48,24.563,0.966,2.372,16.647,30.5955568134,32.4403578886
2006-05-01,SNA,0.6047,0.0221,0.0125,0.1829,1.121,0.037,0.38,24.326,1.003,2.418,16.785,31.7759168234,29.412139462
2006-07-26,SNA,0.6361,0.0118,0.0072,0.1901,1.105,0.019,0.2,28.426,0.982,2.337,17.198,31.7182023098,35.2464304435
2006-10-23,SNA,0.6108,0.0282,0.0559,0.246,1.103,0.046,0.48,30.728,1.134,2.666,17.722,37.3136929931,39.7479491771
2007-02-20,SNA,0.6708,0.038,-0.1826,0.0634,1.466,0.057,0.65,29.691,1.178,2.761,18.367,40.1940183462,39.0705393078
2007-04-24,SNA,0.7231,0.039,-0.0021,0.0613,1.452,0.054,0.67,27.848,1.234,2.98,18.784,45.00439248,40.2351905737
2007-07-25,SNA,0.7267,0.0438,0.0107,0.072,1.34,0.06,0.75,21.637,1.18,2.835,19.57,44.7585306622,38.2769606124
2007-10-24,SNA,0.6965,0.0411,0.0206,0.0926,1.286,0.059,0.71,17.971,1.033,2.44,20.669,40.8751641135,41.1489626646
2008-02-19,SNA,0.7619,0.0573,0.0004,0.093,1.16,0.075,0.99,15.881,0.991,2.248,22.224,40.6276773101,44.9305958642
2008-04-24,SNA,0.747,0.0566,0.0213,0.1143,1.098,0.076,0.98,16.55,1.122,2.372,24.12,46.7576423408,43.002495264
2008-07-24,SNA,0.7844,0.0669,0.0263,0.1406,1.081,0.085,1.16,14.692,1.09,2.304,24.571,46.7321775069,30.4932039244
2008-10-23,SNA,0.7158,0.0546,-0.0223,0.1183,1.086,0.076,0.95,9.272,0.725,1.581,24.003,31.4448235855,22.5556306412
2009-02-18,SNA,0.6875,0.0586,-0.0025,0.1158,1.284,0.085,1.02,6.535,0.527,1.304,20.635,22.4721531036,28.6386950032
2009-05-01,SNA,0.5926,0.0348,0.2849,0.4007,1.451,0.059,0.61,9.127,0.705,1.671,20.412,28.7484541527,28.3462629617
2009-07-31,SNA,0.6156,0.0374,0.1237,0.5244,1.338,0.061,0.65,11.091,0.787,1.599,22.291,30.3935404552,30.5644563726
2009-10-29,SNA,0.5878,0.0254,0.1846,0.709,1.508,0.043,0.44,13.9,0.874,1.632,23.059,32.3355612989,36.8034805713
2010-02-18,SNA,0.6248,0.0366,-0.0096,0.6994,1.64,0.059,0.64,18.323,1.016,1.883,22.51,36.8901381662,42.2581815272
2010-04-22,SNA,0.6313,0.0368,-0.2271,0.4723,1.568,0.058,0.64,20.952,1.16,2.217,22.273,43.0785592768,39.781633004
2010-07-28,SNA,0.6615,0.0453,-0.0415,0.4308,1.621,0.068,0.78,17.989,1.035,2.05,21.798,39.2017770459,43.1715210518
2010-10-22,SNA,0.6703,0.0465,-0.0709,0.3599,1.475,0.069,0.8,17.602,1.124,2.082,24.043,44.2421818526,53.2416690199
2011-02-17,SNA,0.7184,0.0579,0.2123,0.5722,1.656,0.081,1.0,19.136,1.331,2.541,24.214,54.514839366,54.6141787823
2011-04-21,SNA,0.7195,0.0562,-0.0549,0.5173,1.55,0.078,0.97,17.448,1.297,2.386,25.869,55.2586994957,56.1195347881
2011-07-21,SNA,0.757,0.078,-0.0991,0.4182,1.417,0.103,1.34,15.1,1.257,2.276,27.198,55.7145670098,44.7448703364
2011-10-20,SNA,0.7299,0.0678,-0.2325,0.1857,1.306,0.093,1.16,11.076,0.984,1.829,27.048,44.8354836825,55.1457222463
2012-02-16,SNA,0.7721,0.0743,-0.0001,0.1856,1.374,0.096,1.28,13.101,1.215,2.339,26.586,56.5225417006,54.6917809572
2012-04-19,SNA,0.7732,0.071,-0.024,0.1616,1.29,0.092,1.22,12.288,1.18,2.208,27.833,56.4430182016,56.5697495955
2012-07-19,SNA,0.7778,0.0764,0.012,0.1736,1.268,0.098,1.31,13.508,1.281,2.37,28.349,62.0109221194,68.8090360011
2012-10-18,SNA,0.7521,0.0741,0.0025,0.1761,1.216,0.099,1.27,15.152,1.457,2.576,29.84,71.3297171853,73.6234073344
2013-02-14,SNA,0.7961,0.0846,0.0384,0.2145,1.156,0.106,1.45,15.071,1.489,2.56,30.964,73.7444984649,77.2310928671
2013-04-18,SNA,0.7857,0.0828,-0.0009,0.2136,1.124,0.105,1.42,14.826,1.515,2.576,31.381,75.705378634,87.5174917519
2013-07-18,SNA,0.8086,0.0884,-0.0389,0.1747,1.099,0.109,1.52,16.751,1.758,2.941,32.282,89.2939718229,92.9159087404
2013-10-17,SNA,0.7983,0.0846,0.0078,0.1825,1.053,0.106,1.45,17.151,1.831,2.935,34.179,94.7466711105,103.702565655
2014-02-14,SNA,0.8449,0.0945,0.0351,0.2176,0.937,0.112,1.62,18.18,1.967,3.014,36.309,103.835238223,107.099374164
2014-04-17,SNA,0.8377,0.0959,-0.0898,0.1278,0.869,0.114,1.65,18.581,2.053,3.088,37.572,110.315400147,113.69852234
2014-07-17,SNA,0.8782,0.1061,-0.012,0.1158,0.867,0.121,1.83,18.889,2.143,3.192,38.819,118.311794038,109.782476412
2014-10-16,SNA,0.8599,0.1037,0.0089,0.1247,0.867,0.121,1.78,17.692,2.07,3.11,39.191,116.788848881,137.372056061
2015-02-12,SNA,0.9168,0.1162,0.0082,0.1329,0.944,0.127,2.0,19.934,2.408,3.809,38.0,139.219463413,144.089527697
2015-04-23,SNA,0.8852,0.1105,-0.0185,0.1144,0.956,0.125,1.9,20.326,2.506,4.087,37.36,147.479074257,157.097289587
2015-07-23,SNA,0.9105,0.12,0.0102,0.1246,0.903,0.132,2.07,20.932,2.639,4.102,39.561,157.039152059,155.621791504
2015-10-22,SNA,0.8826,0.1168,-0.0054,0.1192,0.895,0.132,2.01,20.562,2.651,4.037,40.637,159.539556495,137.92019498
2016-02-11,SNA,0.9148,0.1314,-0.0264,0.0928,0.852,0.144,2.26,16.75,2.232,3.323,41.527,134.67122604,158.068542763
2016-04-21,SNA,0.9005,0.1283,0.0135,0.1063,0.755,0.142,2.21,18.761,2.581,3.701,43.324,156.961386913,158.944199609
2016-07-21,SNA,0.9416,0.1401,0.0136,0.1199,0.737,0.149,2.41,17.545,2.49,3.508,44.468,153.456582768,147.226577115
2016-10-20,SNA,0.9057,0.1317,-0.0024,0.1175,0.716,0.145,2.27,17.365,2.52,3.456,46.045,157.050897699,165.206564837
2017-02-09,SNA,0.964,0.1463,-0.0399,0.0776,0.798,0.152,2.51,17.898,2.635,3.737,45.046,167.278959775,163.06477984
2017-04-20,SNA,0.9639,0.1416,0.0454,0.123,0.769,0.147,2.45,17.925,2.658,3.651,47.456,172.384474163,157.71
2017-07-20,SNA,0.9991,0.1532,-0.034,0.089,0.769,0.153,2.65,15.114,2.259,3.032,49.393,150.34,152.76
