datekey,ticker,revenue,netinc,ncf,cashneq,de,netmargin,eps,pe,ps,pb,bvps,P0,P1
2006-03-13,TDG,,,,0.104221,3.286,,,,,,,12.9158181199,13.6500368263
2006-05-15,TDG,0.108276,0.014274,,0.032377,2.805,0.132,0.32,,,3.129,8.079,13.5482108744,12.8354292105
2006-08-15,TDG,0.110856,-0.013363,-0.010286,0.022091,3.025,-0.121,-0.3,,,3.088,7.779,12.8622255136,12.9533329444
2006-11-28,TDG,0.115892,0.015222,0.039126,0.061217,2.902,0.131,0.35,43.035,2.484,2.977,8.135,12.9479736837,17.4765489166
2007-02-13,TDG,0.122709,0.020335,-0.006661,0.054556,2.74,0.166,0.45,41.549,3.31,3.912,8.651,18.0714268466,20.0329162375
2007-05-08,TDG,0.144438,0.021514,0.010239,0.064795,3.775,0.149,0.48,38.641,3.42,4.097,9.166,20.0704310619,20.6117163856
2007-08-10,TDG,0.157613,0.022121,0.0554,0.120195,3.408,0.14,0.48,22.514,3.298,3.869,10.063,20.3651903966,25.1349323579
2007-11-21,TDG,0.168038,0.024675,-0.014249,0.105946,3.227,0.147,0.52,25.576,3.825,4.65,10.379,25.7512473304,23.6182615994
2008-02-07,TDG,0.163136,0.026968,0.064369,0.170315,3.059,0.165,0.57,22.014,3.312,4.038,10.998,23.6611356844,22.9215577174
2008-05-08,TDG,0.175285,0.03217,0.023672,0.193987,2.845,0.184,0.68,19.45,3.103,3.709,11.669,23.0608984938,19.2879790098
2008-08-07,TDG,0.186052,0.035999,-0.004794,0.189193,2.618,0.193,0.75,14.241,2.464,2.778,12.773,18.8913937231,16.2492782322
2008-11-25,TDG,0.189238,0.037989,-0.030131,0.159062,2.45,0.201,0.78,11.182,2.086,2.277,13.481,16.3939782692,19.7113605996
2009-02-04,TDG,0.181276,0.039599,-0.009753,0.149309,2.433,0.218,0.81,12.565,2.502,2.71,13.905,20.3651903966,20.445579306
2009-05-06,TDG,0.193047,0.040304,0.005301,0.15461,2.239,0.209,0.84,11.985,2.46,2.569,14.874,20.4616570879,24.0094876254
2009-08-05,TDG,0.189875,0.041388,0.049038,0.203648,2.1,0.218,0.86,13.663,2.888,2.843,15.824,24.0577209711,27.167954917
2009-11-24,TDG,0.197354,0.041611,-0.013481,0.190167,1.996,0.211,0.85,13.036,2.789,2.592,16.824,27.2370526058,30.3715750344
2010-02-10,TDG,0.184278,0.000445,-0.028211,0.161956,4.68,0.002,0.01,18.986,3.073,5.327,8.342,30.1014658873,33.9834996766
2010-05-11,TDG,0.206077,0.038045,0.025393,0.187349,4.235,0.185,0.72,22.216,3.471,5.551,9.187,34.4294938498,35.8365740582
2010-08-11,TDG,0.214182,0.044005,0.07104,0.258389,3.882,0.205,0.83,22.363,3.461,5.179,10.125,35.3340454123,41.0879984075
2010-11-15,TDG,0.223117,0.050635,-0.024277,0.234112,3.516,0.227,0.96,24.44,3.931,5.487,11.205,41.3329811223,50.8684621776
2011-02-08,TDG,0.240046,-0.010157,0.000196,0.234308,6.066,-0.042,-0.19,33.462,4.641,6.876,11.181,51.8735194693,52.1624734407
2011-05-11,TDG,0.311345,0.055817,0.271029,0.505337,5.576,0.179,1.05,29.554,4.194,6.216,12.507,52.1122205761,53.3120077181
2011-08-10,TDG,0.325209,0.05628,0.043914,0.549251,4.963,0.173,1.06,25.956,3.601,5.386,13.787,49.6058589549,58.7770067419
2011-11-18,TDG,0.342953,0.067395,-0.173068,0.376183,4.566,0.197,1.26,28.071,3.941,5.861,15.205,59.3046618201,71.4972630903
2012-02-08,TDG,0.352473,0.061806,-0.016283,0.3599,4.124,0.175,1.15,24.352,4.412,6.624,16.463,72.8666536503,80.72494535
2012-05-09,TDG,0.423469,0.081552,-0.158419,0.201481,4.226,0.193,1.51,24.093,4.455,6.467,18.465,79.1168536833,78.8027732796
2012-08-08,TDG,0.46166,0.090446,0.101237,0.302718,3.795,0.196,1.68,21.378,4.074,5.818,20.538,78.6017618213,86.654694844
2012-11-16,TDG,0.462606,0.087866,0.137806,0.440524,3.479,0.19,1.63,20.696,3.916,5.462,22.62,88.8133036371,94.9787868994
2013-02-05,TDG,0.430418,0.03604,0.113907,0.554431,8.267,0.084,0.66,24.523,4.081,12.117,10.998,96.1649872586,103.537360421
2013-05-08,TDG,0.465609,0.067937,0.125593,0.680024,7.308,0.146,1.25,27.565,4.275,11.353,12.586,102.413228685,115.691052849
2013-08-07,TDG,0.488636,0.038679,-0.410852,0.269172,6.25,0.079,0.71,32.599,4.068,9.373,14.709,113.962061219,116.208953568
2013-11-15,TDG,0.539737,-0.01111,0.295568,0.56474,-19.28,-0.021,-0.23,59.437,4.063,-23.244,-5.911,118.280556443,136.980756239
2014-02-05,TDG,0.529322,0.081984,-0.153816,0.410924,-27.87,0.155,1.44,51.567,4.524,-39.083,-4.109,138.199814854,142.3350529
2014-05-07,TDG,0.590761,0.084869,0.064767,0.475691,-51.938,0.144,1.49,48.716,4.408,-75.392,-2.201,142.590019407,160.321865301
2014-08-06,TDG,0.610582,-0.094726,0.253443,0.729134,-5.217,-0.155,-1.66,149.017,4.005,-5.713,-27.838,157.93228122,175.593230233
2014-11-14,TDG,0.642241,0.108157,0.090414,0.819548,-5.342,0.168,1.9,55.999,4.255,-6.488,-27.425,176.197492874,188.786297899
2015-01-30,TDG,0.586898,0.092168,0.192081,1.011629,-5.72,0.157,1.63,56.877,4.457,-7.396,-25.883,188.172879764,201.677234245
2015-05-05,TDG,0.61903,0.110894,-0.61911,0.392519,-6.449,0.179,1.96,52.897,4.658,-8.635,-23.43,196.779044653,209.065718357
2015-08-05,TDG,0.691395,0.099112,0.522831,0.91535,-8.143,0.143,1.75,31.134,5.031,-10.928,-20.651,218.486722263,210.118600232
2015-11-13,TDG,0.809792,0.141673,-0.201317,0.714033,-9.116,0.175,2.5,27.787,4.556,-11.878,-18.342,210.320021113,171.47325768
2016-02-10,TDG,0.701695,0.111901,0.091258,0.805291,-9.639,0.159,1.97,22.249,3.655,-10.696,-16.975,176.618645624,228.429589359
2016-05-11,TDG,0.796801,0.138627,-0.193276,0.612015,-9.691,0.174,2.47,26.646,4.364,-13.611,-17.134,226.241426159,262.799315951
2016-08-10,TDG,0.797692,0.140597,1.05468,1.666695,-14.078,0.176,2.52,28.752,4.932,-18.954,-14.476,263.312023646,252.94
2016-11-15,TDG,0.875223,0.192288,-0.079701,1.586994,-17.464,0.22,3.44,23.676,4.355,-21.202,-11.667,258.92,245.88
2017-02-08,TDG,0.814018,0.0229,-0.614634,0.97236,-6.354,0.028,0.41,26.446,3.982,-6.975,-33.165,247.43,242.42
2017-05-10,TDG,0.873232,0.155505,0.013029,0.985389,-5.997,0.178,2.78,24.923,3.792,-6.25,-36.476,244.94,280.6
