datekey,ticker,revenue,netinc,ncf,cashneq,de,netmargin,eps,pe,ps,pb,bvps,P0,P1
2001-08-14,TSN,1.894,0.0194,-0.0123,0.0712,1.327,0.01,0.09,40.531,0.326,1.1,9.717,8.96749413154,10.5623939177
2002-01-30,TSN,5.865,0.127,0.022,0.092,2.007,0.022,0.36,,,1.28,9.98,10.6130934085,11.0189513479
2002-04-30,TSN,5.839,0.065,-0.042,0.05,1.971,0.011,0.19,,,1.406,10.129,11.8835152228,10.8551488735
2002-07-30,TSN,5.902,0.107,-0.002,0.048,1.933,0.018,0.31,,,1.311,10.379,11.3991813934,10.1996698544
2002-11-27,TSN,5.761,0.084,0.003,0.051,1.832,0.015,0.24,11.073,0.181,1.158,10.523,10.2852375546,8.82202988249
2003-02-03,TSN,5.802,0.039,0.025,0.076,1.867,0.007,0.11,11.92,0.151,0.956,10.597,8.55677001212,8.29338047399
2003-05-13,TSN,5.845,0.072,-0.005,0.071,1.772,0.012,0.21,11.127,0.144,0.899,10.803,8.23322123739,9.62390009121
2003-08-12,TSN,6.33,0.079,0.029,0.1,1.786,0.012,0.23,14.261,0.165,1.022,11.087,9.62390009121,12.3807399306
2003-12-16,TSN,6.572,0.147,-0.075,0.025,1.652,0.022,0.43,14.911,0.205,1.271,11.428,12.3807399306,11.7117455625
2004-01-08,TSN,6.572,0.147,-0.075,0.025,1.652,0.022,0.43,14.022,0.192,1.195,11.428,11.6422396541,14.7960702469
2004-02-09,TSN,6.505,0.057,0.015,0.04,1.596,0.009,0.17,16.586,0.233,1.467,11.632,14.5093583749,17.1327583436
2004-05-10,TSN,6.153,0.119,0.03,0.07,1.469,0.019,0.34,17.182,0.27,1.667,12.012,17.0804977691,16.9392998479
2004-08-03,TSN,6.634,0.161,-0.019,0.051,1.476,0.024,0.46,13.966,0.261,1.588,12.336,16.7123952647,15.0224089449
2004-12-15,TSN,7.149,0.066,-0.018,0.033,1.438,0.009,0.23,15.116,0.23,1.419,12.441,15.1978019273,14.5576175414
2005-02-09,TSN,6.452,0.048,0.008,0.041,1.382,0.007,0.14,14.572,0.218,1.322,12.622,14.2594494713,15.8218031984
2005-05-10,TSN,6.359,0.076,-0.006,0.035,1.355,0.012,0.23,18.335,0.242,1.461,12.802,15.9976010117,15.5911560939
2005-08-11,TSN,6.708,0.131,-0.003,0.032,1.289,0.02,0.39,19.421,0.234,1.377,13.125,15.511879029,14.5933062454
2005-12-12,TSN,6.495,0.098,0.008,0.04,1.258,0.015,0.29,16.68,0.226,1.266,13.484,14.6995037439,12.4605064849
2006-02-08,TSN,6.495,0.117,0.008,0.04,1.249,0.018,0.35,13.475,0.193,1.073,13.539,12.5136052341,12.5136052341
2006-02-09,TSN,6.454,0.039,-0.01,0.03,1.271,0.006,0.12,14.979,0.198,1.094,13.655,12.8498973125,13.9247978987
2006-05-11,TSN,6.251,-0.127,0.009,0.039,1.463,-0.02,-0.38,39.534,0.215,1.218,13.228,13.9425478005,11.6818336679
2006-08-10,TSN,6.383,-0.052,0.005,0.044,1.494,-0.008,-0.15,-112.63,0.185,1.049,13.072,11.8597747748,15.2041846994
2006-12-13,TSN,6.471,-0.056,-0.016,0.028,1.505,-0.009,-0.17,-29.596,0.227,1.307,12.87,14.6228482256,16.2327030761
2007-02-08,TSN,6.558,0.057,0.017,0.045,1.26,0.009,0.17,-36.429,0.253,1.437,13.0,16.3221394567,19.4328479485
2007-05-09,TSN,6.501,0.068,-0.011,0.034,1.227,0.01,0.2,457.009,0.3,1.697,13.152,19.558336819,19.3061194035
2007-08-08,TSN,6.958,0.111,0.014,0.048,1.203,0.016,0.32,41.381,0.281,1.591,13.418,18.7224460261,13.4947278422
2007-11-21,TSN,6.883,0.032,-0.006,0.042,1.162,0.005,0.1,19.48,0.194,1.103,13.595,13.2068403149,12.8279078662
2008-02-01,TSN,6.766,0.034,0.013,0.055,1.157,0.005,0.1,20.912,0.189,1.078,13.616,12.999307479,16.1188680864
2008-05-02,TSN,6.612,-0.005,-0.002,0.053,1.181,-0.001,-0.02,36.748,0.232,1.33,13.583,16.1007773254,13.5072543951
2008-08-01,TSN,6.849,0.009,0.002,0.055,1.23,0.001,0.03,75.423,0.195,1.106,13.643,13.4800585809,4.58080270866
2008-11-20,TSN,7.201,0.048,0.195,0.25,1.164,0.007,0.14,19.321,0.062,0.331,14.164,3.99911347582,8.08950430855
2009-02-02,TSN,6.521,-0.112,-0.084,0.251,1.187,-0.017,-0.3,-55.74,0.123,0.698,12.853,8.08950430855,9.70250964284
2009-05-04,TSN,6.307,-0.104,0.651,1.127,1.361,-0.016,-0.29,-27.784,0.164,0.954,12.421,10.7499396611,10.5321288686
2009-08-03,TSN,6.662,0.134,0.028,1.045,1.261,0.02,0.37,-123.28,0.157,0.871,12.944,10.2464805791,12.0841945241
2009-11-23,TSN,7.214,-0.455,0.159,1.187,1.435,-0.063,-1.25,-9.034,0.182,1.115,11.794,11.9085252846,12.9769021011
2010-02-05,TSN,6.635,0.16,0.36,1.526,1.373,0.024,0.44,-20.819,0.206,1.206,12.26,13.5891076326,17.3122557615
2010-05-10,TSN,6.916,0.159,-0.552,0.812,1.204,0.023,0.43,-3437.952,0.251,1.456,12.662,16.9589444194,15.9720530317
2010-08-09,TSN,7.438,0.248,0.022,0.834,1.112,0.033,0.68,54.933,0.218,1.241,13.251,15.1892919729,14.6098124156
2010-11-22,TSN,7.441,0.213,0.144,0.978,1.067,0.029,0.58,8.028,0.22,1.204,13.944,15.5065783951,16.4438714762
2011-02-04,TSN,7.615,0.298,0.144,1.122,1.04,0.039,0.81,7.632,0.238,1.278,14.663,17.3803106263,17.7268328125
2011-05-09,TSN,8.0,0.159,-0.328,0.794,0.974,0.02,0.43,7.338,0.221,1.184,15.168,16.6570292442,15.338720424
2011-08-08,TSN,8.247,0.196,0.187,0.981,0.987,0.024,0.53,6.795,0.188,1.018,15.463,14.7462376609,18.3338280939
2011-11-21,TSN,8.404,0.097,-0.265,0.716,0.947,0.012,0.27,9.595,0.223,1.266,15.49,18.3432542266,17.5871327774
2012-02-03,TSN,8.329,0.156,0.141,0.857,0.933,0.019,0.43,11.761,0.217,1.231,15.828,18.3049749316,17.0750276855
2012-05-07,TSN,8.268,0.166,-0.134,0.723,0.882,0.02,0.47,11.073,0.205,1.147,16.305,17.6334681697,14.6064686374
2012-08-06,TSN,8.308,0.076,0.105,0.828,0.941,0.009,0.21,10.361,0.154,0.869,16.357,13.4398480904,16.0511540032
2012-11-19,TSN,8.373,0.185,0.243,1.071,0.969,0.022,0.53,11.52,0.202,1.112,16.783,17.8008058614,21.1992187285
2013-02-01,TSN,8.402,0.173,-0.12,0.951,0.96,0.021,0.5,13.472,0.242,1.334,17.065,21.8509126135,23.9452475334
2013-05-06,TSN,8.419,0.095,-0.189,0.762,0.928,0.011,0.27,16.166,0.255,1.399,17.32,23.1480331149,27.4378252361
2013-08-05,TSN,8.731,0.249,0.181,0.943,0.937,0.029,0.72,14.896,0.308,1.674,17.697,28.5734490095,27.7367083152
2013-11-18,TSN,8.894,0.261,0.202,1.145,0.954,0.029,0.77,13.001,0.294,1.623,18.014,28.3633631781,33.3299661333
2014-01-31,TSN,8.761,0.254,-0.32,0.825,0.875,0.029,0.76,14.816,0.366,2.015,18.522,36.1420914289,41.2945510299
2014-05-05,TSN,9.032,0.213,-0.387,0.438,0.839,0.024,0.64,13.708,0.378,2.072,18.845,37.2183479857,36.0161463765
2014-08-07,TSN,9.682,0.26,0.149,0.587,0.797,0.027,0.75,12.954,0.352,1.907,19.171,35.2983454522,39.5186920162
2014-11-17,TSN,10.105,0.137,-0.149,0.438,1.69,0.014,0.33,18.709,0.43,1.815,23.37,41.822167178,39.150995272
2015-01-30,TSN,10.817,0.309,-0.057,0.381,1.6,0.029,0.77,15.913,0.369,1.6,22.505,38.0118093862,39.5190776634
2015-05-04,TSN,9.979,0.31,-0.158,0.223,1.511,0.031,0.78,15.126,0.379,1.64,23.193,40.1046900763,43.3887288952
2015-08-03,TSN,10.071,0.343,0.248,0.471,1.421,0.034,0.86,13.612,0.365,1.545,23.909,39.0938806461,42.8040980148
2015-11-23,TSN,10.506,0.258,0.217,0.688,1.37,0.025,0.65,14.413,0.425,1.812,23.965,47.1580543765,51.0944175888
2016-02-05,TSN,9.152,0.461,0.499,1.187,1.382,0.05,1.18,15.112,0.522,2.121,24.752,56.1596004681,66.2946748591
2016-05-09,TSN,9.17,0.432,-0.933,0.254,1.295,0.047,1.14,16.925,0.65,2.578,25.276,67.2706113366,72.7612453844
2016-08-08,TSN,9.403,0.484,-0.057,0.197,1.285,0.051,1.29,16.647,0.712,2.776,25.67,73.1861141447,66.6885388926
2016-11-21,TSN,9.156,0.391,0.152,0.349,1.325,0.043,1.06,11.747,0.563,2.158,25.596,57.0258289818,64.902876584
2017-02-06,TSN,9.182,0.593,-0.042,0.307,1.326,0.065,1.64,11.86,0.611,2.355,26.068,62.6597124751,63.0850202012
2017-05-08,TSN,9.083,0.34,-0.064,0.243,1.308,0.037,0.95,11.784,0.579,2.177,26.819,59.249913178,63.3
