datekey,ticker,revenue,netinc,ncf,cashneq,de,netmargin,eps,pe,ps,pb,bvps,P0,P1
2001-08-14,VZ,16.909,-1.021,1.927,2.616,3.875,-0.06,-0.38,24.726,2.186,4.166,12.896,22.4688834045,20.6085968959
2001-11-14,VZ,17.004,1.875,-1.251,1.365,3.866,0.11,0.69,31.184,1.996,3.838,12.845,20.7603476605,20.2581739252
2002-03-20,VZ,17.011,-2.037,-0.386,0.979,4.249,-0.12,-0.76,336.053,1.946,4.017,11.98,20.4365851865,18.0650525212
2002-05-15,VZ,16.375,-0.501,0.036,1.015,4.525,-0.031,-0.18,-68.237,1.707,3.706,11.404,18.0821920397,18.8491854935
2002-05-31,VZ,16.375,-0.501,0.036,1.015,4.525,-0.031,-0.18,-69.531,1.74,3.776,11.404,18.4249824101,13.0912103741
2002-08-12,VZ,16.835,-2.115,1.947,2.962,4.876,-0.126,-0.78,-29.563,1.222,2.867,10.507,13.0262952814,16.8070975692
2002-11-13,VZ,17.201,4.405,2.689,5.651,4.31,0.256,1.61,-415.88,1.53,3.239,11.656,16.5093167889,15.3606838513
2003-03-14,VZ,17.214,2.29,-4.213,1.438,4.135,0.133,0.83,23.594,1.423,2.951,11.912,15.4932940716,16.5646997832
2003-05-12,VZ,16.279,3.908,2.697,4.135,3.81,0.24,1.42,12.151,1.527,2.883,13.018,16.7613664832,15.8866474296
2003-08-12,VZ,16.829,0.338,-3.299,0.82,3.898,0.02,0.12,9.089,1.473,2.906,12.427,16.2838136153,14.8134739686
2003-11-12,VZ,17.155,1.791,-0.074,0.746,3.696,0.104,0.65,10.758,1.328,2.55,12.735,14.8134739686,17.3413272011
2004-03-12,VZ,17.278,-1.458,-0.047,0.699,3.959,-0.084,-0.53,34.12,1.55,3.137,12.103,17.493606019,17.5094734556
2004-05-07,VZ,17.136,1.199,-0.099,0.6,3.879,0.07,0.43,54.488,1.49,3.042,12.092,17.1458581922,18.2052052898
2004-08-06,VZ,17.838,1.797,0.008,0.608,3.764,0.101,0.65,31.893,1.53,3.114,12.31,18.0685720203,19.5011660356
2004-11-08,VZ,18.206,1.796,0.038,0.616,3.631,0.099,0.65,34.134,1.615,3.235,12.703,19.543963035,17.3190535054
2005-03-14,VZ,18.263,3.039,1.674,2.29,3.418,0.166,1.1,12.762,1.402,2.661,13.545,17.3238550173,16.7832840113
2005-05-09,VZ,18.179,1.757,-1.598,0.692,3.341,0.097,0.63,11.393,1.319,2.517,13.716,16.7735714626,16.3714996033
2005-08-08,VZ,18.569,2.113,0.713,1.405,3.393,0.114,0.76,10.524,1.251,2.376,13.939,16.2781447136,15.204028497
2005-11-08,VZ,19.038,1.869,-0.789,0.616,3.291,0.098,0.68,9.658,1.145,2.161,14.186,15.2587729532,17.3009245213
2006-03-14,VZ,19.326,1.658,0.16,0.776,3.237,0.086,0.6,13.607,1.34,2.537,14.361,17.3362119548,16.7947318562
2006-05-09,VZ,22.743,1.632,0.473,1.249,3.083,0.072,0.56,13.178,1.203,2.14,15.359,16.7590200935,17.2950866542
2006-08-04,VZ,22.678,1.611,-0.063,1.186,3.106,0.071,0.55,14.459,1.168,2.186,15.388,17.4396857663,19.160774501
2006-11-06,VZ,23.254,1.922,0.66,1.846,3.012,0.083,0.66,15.823,1.227,2.333,15.92,19.3069602465,20.4827178784
2007-03-01,VZ,20.154,1.032,1.389,3.219,2.89,0.051,0.36,17.421,1.225,2.224,16.65,20.3184180024,22.7323773569
2007-05-04,VZ,22.584,1.495,-1.918,1.301,2.778,0.066,0.51,19.48,1.331,2.42,16.769,22.5054410356,23.1998717738
2007-07-31,VZ,23.273,1.683,-0.645,0.656,2.708,0.072,0.58,20.174,1.386,2.483,17.165,23.8202489761,25.9481550655
2007-10-30,VZ,23.772,1.271,0.059,0.715,2.736,0.053,0.44,23.92,1.46,2.639,17.158,25.5927008865,20.7419661011
2008-02-28,VZ,23.84,1.072,0.438,1.153,2.696,0.045,0.38,19.334,1.142,2.11,17.526,21.1922588524,21.982698257
2008-04-29,VZ,23.833,1.642,4.332,5.485,2.805,0.069,0.57,19.217,1.15,2.166,17.562,22.1333043584,19.6996240385
2008-07-29,VZ,24.124,1.882,-4.903,0.582,2.943,0.078,0.66,16.566,1.017,1.91,17.855,20.0103621558,16.4562271494
2008-10-28,VZ,24.752,1.669,0.114,0.696,3.021,0.067,0.59,14.35,0.931,1.764,17.916,18.8641647692,16.8386355052
2009-02-24,VZ,24.645,1.235,9.086,9.782,3.852,0.05,0.44,12.625,0.834,1.946,14.685,17.273961091,18.309601544
2009-05-11,VZ,26.591,1.645,-5.803,3.979,3.496,0.062,0.58,13.171,0.846,2.024,14.731,18.2911999344,19.9310691681
2009-07-30,VZ,26.861,1.483,-3.159,0.82,3.332,0.055,0.52,15.216,0.892,2.151,15.02,20.1367368612,18.9676814654
2009-10-29,VZ,27.265,1.176,0.396,1.216,3.284,0.043,0.41,15.406,0.81,1.976,15.201,19.0246795065,18.5622112733
2010-02-26,VZ,27.091,-0.653,0.793,2.009,3.434,-0.024,-0.22,22.47,0.761,1.972,14.645,18.5943480657,18.7689122738
2010-04-28,VZ,26.913,0.409,1.028,3.037,3.527,0.015,0.14,34.085,0.761,2.034,14.267,19.0104600143,20.5339193266
2010-07-29,VZ,26.773,-0.198,1.724,4.761,3.612,-0.007,-0.07,111.221,0.756,2.08,13.885,20.5126112124,23.4283273864
2010-10-28,VZ,26.484,0.881,0.633,5.394,3.593,0.033,0.31,208.693,0.854,2.416,13.403,23.356262399,26.2705715813
2011-02-28,VZ,26.395,1.457,1.274,6.668,3.451,0.055,0.51,40.962,0.98,2.707,13.629,26.964400967,28.2955688183
2011-04-28,VZ,26.99,1.439,7.339,14.007,3.571,0.053,0.51,30.251,1.015,2.777,13.777,28.310363887,27.134324905
2011-07-28,VZ,27.536,1.609,-7.767,6.24,3.381,0.058,0.57,18.741,0.94,2.565,13.894,26.7221769155,28.0606947326
2011-10-25,VZ,27.913,1.379,4.084,10.324,3.598,0.049,0.49,17.413,0.941,2.624,13.779,27.4984170694,29.3504313388
2012-02-24,VZ,28.436,-2.023,3.038,13.362,4.019,-0.071,-0.71,44.986,0.975,3.007,12.683,29.3581288031,30.7930620533
2012-04-26,VZ,28.242,1.686,-7.453,5.909,3.668,0.06,0.59,43.017,1.017,3.11,12.903,31.3078396864,35.4146755639
2012-07-30,VZ,28.552,1.825,4.092,10.001,3.651,0.064,0.64,44.666,1.132,3.447,13.04,35.4541128418,35.268073665
2012-10-25,VZ,29.007,1.593,-0.287,9.714,3.678,0.055,0.56,40.989,1.105,3.355,13.176,35.2840212452,36.8917815406
2013-02-26,VZ,30.045,-4.229,-6.621,3.093,4.213,-0.141,-1.48,150.656,1.138,3.976,11.585,37.2145442838,42.2332568112
2013-04-25,VZ,29.42,1.952,2.382,5.475,4.161,0.066,0.68,133.452,1.301,4.571,11.622,43.3910024613,41.48891527
2013-07-25,VZ,29.786,2.246,-3.687,1.788,3.998,0.075,0.78,92.903,1.227,4.26,11.889,41.7606767237,42.332939659
2013-10-24,VZ,30.279,2.232,54.922,56.71,5.328,0.074,0.78,65.556,1.207,4.124,12.207,41.9997406062,39.0313578383
2014-02-27,VZ,31.065,5.067,-3.182,53.528,4.601,0.163,1.77,17.109,1.632,5.065,13.551,39.9997734049,39.6732913408
2014-04-29,VZ,30.818,3.947,-50.621,2.907,16.341,0.128,1.15,14.355,1.588,15.237,3.711,39.818022232,44.3903709098
2014-07-29,VZ,31.483,4.214,2.869,5.776,13.987,0.134,1.02,13.935,1.742,14.457,3.593,44.7260096197,43.0005143318
2014-10-28,VZ,31.586,3.695,1.442,7.218,12.567,0.117,0.89,12.251,1.659,12.506,3.993,43.4703702148,43.6189550044
2015-02-23,VZ,33.192,-2.231,3.38,10.598,17.81,-0.067,-0.61,21.056,1.595,16.479,2.956,43.4408093846,45.1070365864
2015-04-28,VZ,31.984,4.219,-6.212,4.386,24.096,0.132,1.03,20.831,1.608,22.076,2.269,45.5303654042,41.7664716662
2015-07-28,VZ,32.224,4.231,-1.378,3.008,19.963,0.131,1.04,18.819,1.446,16.345,2.798,41.8211517513,42.7938566372
2015-10-27,VZ,33.158,4.038,0.867,3.875,17.319,0.122,0.99,18.315,1.439,14.299,3.226,42.6184719789,47.7266768939
2016-02-23,VZ,34.254,5.391,0.595,4.47,13.806,0.157,1.33,11.536,1.567,12.555,4.033,47.3154817141,48.8160460542
2016-04-28,VZ,32.171,4.31,1.376,5.846,12.042,0.134,1.06,11.573,1.578,11.157,4.569,48.1832979239,52.3301027758
2016-07-29,VZ,30.532,0.702,-2.989,2.857,10.971,0.023,0.17,15.641,1.736,11.737,4.718,52.8547392419,46.1580735841
2016-10-26,VZ,30.937,3.62,3.584,6.441,10.631,0.117,0.89,13.847,1.518,9.49,5.016,45.9554566223,47.9747826688
2017-02-21,VZ,32.34,4.495,-3.561,2.88,9.774,0.139,1.1,15.351,1.6,8.947,5.521,48.2088535743,46.7403043291
2017-04-27,VZ,29.814,3.45,1.427,4.307,9.437,0.116,0.85,15.52,1.54,8.104,5.755,46.0593328344,48.21
2017-08-03,VZ,30.548,4.362,0.276,4.583,8.981,0.143,1.07,12.451,1.604,7.872,6.171,48.61,48.91
