datekey,ticker,revenue,netinc,ncf,cashneq,de,netmargin,eps,pe,ps,pb,bvps,P0,P1
2006-09-26,WU,,,,0.6558,0.535,,,,,,,16.028073907,18.2505902281
2006-11-08,WU,1.1404,0.2581,0.6718,1.3276,-9.769,0.226,0.34,,,-30.173,-0.752,18.3479267094,18.1530868316
2007-02-27,WU,1.1732,0.2172,0.0941,1.4217,-17.903,0.185,0.29,18.286,3.739,-53.091,-0.411,17.5688122443,17.5606973195
2007-05-08,WU,1.131,0.1932,0.1393,1.561,-32.055,0.171,0.25,,,-95.641,-0.224,17.3172495747,16.3434585958
2007-08-07,WU,1.2029,0.2045,-0.0732,1.4878,-62.95,0.17,0.27,17.896,3.362,-181.665,-0.112,16.4083779944,18.0800525082
2007-11-07,WU,1.2572,0.2163,0.1812,1.669,-39.834,0.172,0.29,20.498,3.576,-116.382,-0.193,18.412764426,17.7615896591
2008-02-26,WU,1.3091,0.2433,0.1241,1.7931,113.087,0.186,0.33,18.879,3.303,319.227,0.068,17.5502389355,19.2166581026
2008-05-02,WU,1.2659,0.2071,0.1023,1.8954,806.135,0.164,0.28,19.833,3.432,2334.914,0.01,18.980920757,22.1755682334
2008-08-05,WU,1.3471,0.2315,-0.0208,1.8746,235.247,0.172,0.31,22.113,3.835,778.888,0.035,22.1430527375,12.4046617024
2008-11-03,WU,1.3774,0.2408,-0.745,1.1296,-62.022,0.175,0.33,11.439,1.992,-117.015,-0.124,11.9900891291,9.79077128471
2009-02-19,WU,1.2916,0.2396,0.166,1.2956,-689.679,0.186,0.34,8.869,1.543,-1006.263,-0.011,9.3587056077,13.8668625773
2009-05-04,WU,1.2012,0.2239,0.2144,1.51,48.64,0.186,0.32,13.219,2.371,108.61,0.161,14.3804500801,14.4782762711
2009-08-04,WU,1.2543,0.2202,0.2724,1.7824,19.515,0.176,0.31,13.598,2.453,44.019,0.408,14.6087111925,15.187516156
2009-10-30,WU,1.3141,0.181,-0.157,1.6254,17.969,0.138,0.26,14.543,2.485,38.387,0.469,14.8125157571,13.0519056341
2010-02-26,WU,1.314,0.2237,0.0598,1.6852,19.802,0.17,0.32,12.693,2.119,30.478,0.513,12.9047036909,14.428068563
2010-05-06,WU,1.2327,0.2079,-0.1554,1.5298,17.5,0.169,0.3,13.898,2.263,30.411,0.558,14.1326132341,13.2046049759
2010-08-04,WU,1.2734,0.221,0.217,1.7468,17.383,0.174,0.33,12.773,2.074,26.639,0.597,13.2869793051,15.0265041683
2010-11-05,WU,1.3296,0.2384,0.2499,1.9967,16.292,0.179,0.36,13.427,2.323,27.325,0.664,15.0760965913,17.4237785775
2011-02-25,WU,1.357,0.2426,0.1607,2.1574,12.608,0.179,0.37,15.439,2.705,24.108,0.889,18.0211652716,17.4418800965
2011-05-04,WU,1.283,0.2102,0.0584,2.2158,27.14,0.164,0.32,14.375,2.501,46.783,0.433,17.2670450215,15.9492946546
2011-08-02,WU,1.3663,0.2632,-0.1261,2.0897,20.128,0.193,0.42,12.154,2.174,30.599,0.601,15.4477445082,14.5371757257
2011-11-03,WU,1.4108,0.2397,0.5814,2.6711,16.573,0.17,0.38,11.376,2.007,21.662,0.803,14.7556535111,15.0769432325
2012-02-24,WU,1.4313,0.4523,-1.3002,1.3709,9.136,0.316,0.73,9.517,2.02,12.396,1.444,15.0938267076,15.6018743243
2012-05-01,WU,1.3934,0.2473,0.025,1.3959,8.508,0.177,0.4,9.394,2.017,11.677,1.563,15.6443168551,14.6150641551
2012-08-02,WU,1.4251,0.2712,0.0079,1.4038,7.706,0.19,0.44,8.455,1.808,9.721,1.723,14.5125622441,10.493959921
2012-11-06,WU,1.4216,0.2695,0.0292,1.433,7.158,0.19,0.45,5.969,1.305,6.456,1.906,10.657122964,12.0492747665
2013-02-22,WU,1.4247,0.2379,0.3435,1.7765,9.063,0.167,0.41,7.773,1.408,8.478,1.599,12.1532972825,13.674235808
2013-05-06,WU,1.3254,0.212,-0.3594,1.4171,9.202,0.16,0.37,8.847,1.566,9.55,1.617,13.7529238657,16.200106074
2013-08-07,WU,1.3859,0.1986,-0.0217,1.3954,9.327,0.143,0.36,11.009,1.818,10.883,1.671,16.1296325294,15.5025132166
2013-11-04,WU,1.4088,0.2144,0.3473,1.7427,8.465,0.152,0.39,11.034,1.717,9.065,1.902,15.2896640649,14.3340424534
2014-02-24,WU,1.4219,0.1734,0.3304,2.0731,8.162,0.122,0.31,11.221,1.617,8.11,2.005,14.6110719522,14.2924382582
2014-05-01,WU,1.3508,0.203,-0.3791,1.694,8.293,0.15,0.37,10.821,1.534,8.0,1.956,14.2744263637,16.0379886471
2014-07-31,WU,1.4056,0.1938,-0.0893,1.6047,8.227,0.138,0.36,11.796,1.657,8.648,1.993,15.856460762,15.0228807371
2014-10-30,WU,1.4409,0.2341,0.0627,1.6674,7.347,0.162,0.44,10.852,1.553,7.398,2.235,15.2697570486,17.7490578299
2015-02-20,WU,1.4099,0.2215,0.1158,1.7832,6.606,0.157,0.43,11.898,1.809,7.799,2.488,17.9148507935,18.9298641341
2015-04-30,WU,1.3209,0.2039,-0.0279,1.7553,6.669,0.154,0.39,12.271,1.877,7.757,2.591,18.8277412771,17.8041517346
2015-07-30,WU,1.3836,0.1893,-0.1248,1.6305,6.698,0.137,0.37,11.46,1.751,7.44,2.538,17.7854498946,18.4751499141
2015-10-29,WU,1.3992,0.2323,-0.2161,1.4144,6.286,0.166,0.46,11.34,1.742,7.13,2.644,17.9281572163,17.3209146791
2016-02-19,WU,1.38,0.2123,-0.0985,1.3159,5.733,0.154,0.42,10.897,1.665,6.499,2.785,17.3018911594,19.2841666172
2016-05-03,WU,1.2977,0.1857,-0.1559,1.16,6.602,0.143,0.37,11.883,1.784,7.861,2.478,19.0251255731,18.9925096464
2016-08-03,WU,1.3757,0.2056,0.0026,1.1626,6.148,0.149,0.42,11.623,1.782,7.392,2.681,19.2730918063,19.5712705235
2016-11-01,WU,1.3778,0.2169,0.1181,1.2807,5.86,0.157,0.45,11.665,1.762,6.898,2.849,19.2494708587,19.4625691173
2017-02-22,WU,1.3717,-0.355,-0.4032,0.8775,9.441,-0.259,-0.72,37.967,1.773,10.655,1.866,19.6394122491,19.7899046637
2017-05-02,WU,1.3024,0.1617,0.4458,1.3233,11.643,0.124,0.34,41.389,1.748,12.643,1.564,19.9484617367,19.49
2017-08-03,WU,1.3789,0.1665,-0.2641,1.0592,13.229,0.121,0.35,47.791,1.673,13.74,1.409,19.58,19.72
