datekey,ticker,revenue,netinc,ncf,cashneq,de,netmargin,eps,pe,ps,pb,bvps,P0,P1
2002-11-14,XEC,0.032547,0.00993,,0.015306,0.519,0.305,0.37,,,1.396,16.017,13.8298985547,16.9931701097
2003-03-18,XEC,,,0.004955,0.020261,0.516,,,,,1.726,10.721,17.4168225501,19.2149917972
2003-05-12,XEC,0.136384,0.032748,-0.00303,0.017231,0.495,0.24,0.79,,,1.805,11.558,19.6292297389,19.2526497919
2003-08-11,XEC,0.099063,0.02104,0.028193,0.04749,0.469,0.212,0.51,,,1.726,12.096,19.6292297389,19.9869806886
2003-11-07,XEC,0.112113,0.022541,0.009368,0.056858,0.469,0.201,0.54,,,1.723,12.635,20.4859491184,26.5300572683
2004-03-11,XEC,0.106652,0.018304,0.00717,0.04042,0.506,0.172,0.44,12.085,2.518,2.139,12.901,26.0593323345,26.0593323345
2004-03-12,XEC,0.106652,0.018304,0.00717,0.04042,0.506,0.172,0.44,12.518,2.608,2.215,12.901,26.9913677034,27.3585331517
2004-05-05,XEC,0.135919,0.029865,-0.001927,0.038493,0.511,0.22,0.72,13.144,2.658,2.113,13.818,27.4432636398,30.051079773
2004-08-05,XEC,0.170193,0.03647,0.019588,0.058081,0.558,0.214,0.88,11.787,2.407,2.078,14.692,28.7330499584,33.5156152857
2004-11-04,XEC,0.170273,0.039182,0.034116,0.092197,0.539,0.23,0.94,12.431,2.64,2.365,15.681,34.8336451003,37.5073627242
2005-03-15,XEC,0.198544,0.048075,0.023549,0.115746,0.578,0.242,1.15,10.817,2.462,2.371,16.817,37.4508757321,34.0145837155
2005-05-09,XEC,0.191707,0.043365,-0.002721,0.113025,0.556,0.226,1.04,9.225,2.11,2.067,17.859,34.7395001135,39.6726974196
2005-08-09,XEC,0.252458,0.052477,-0.05572,0.057305,0.735,0.208,1.01,18.406,4.145,1.463,44.328,38.6559315626,37.3473162467
2005-11-07,XEC,0.404377,0.064075,-0.029832,0.027473,0.668,0.158,0.78,15.287,3.037,1.31,29.495,36.3305503897,37.9775442924
2006-03-09,XEC,0.27008,0.168408,0.034174,0.061647,0.611,0.624,2.35,10.048,2.949,1.271,40.077,37.5346300042,40.9083175617
2006-05-05,XEC,0.33525,0.110151,-0.010972,0.050675,0.601,0.329,1.33,9.215,2.885,1.343,32.796,41.5397060152,39.1254120594
2006-08-03,XEC,0.313381,0.082866,-0.045286,0.005389,0.595,0.264,1.01,7.741,2.489,1.179,34.036,37.5596409885,34.6614391937
2006-11-06,XEC,0.322882,0.093957,0.002695,0.008084,0.584,0.291,1.15,6.668,2.446,1.045,35.425,34.6047874271,32.7222553241
2007-02-28,XEC,0.295631,0.058745,-0.003036,0.005048,0.623,0.199,0.71,8.392,2.289,0.975,36.26,32.977750088,38.2201241336
2007-05-09,XEC,0.306875,0.064628,0.002303,0.007351,0.633,0.211,0.79,10.964,2.657,1.09,36.723,37.3968632275,35.3794978861
2007-08-02,XEC,0.342084,0.078707,0.01206,0.019411,0.638,0.23,0.96,10.22,2.387,0.977,37.631,34.4796177524,38.1678860171
2007-11-07,XEC,0.343753,0.073156,-0.019388,0.007396,0.663,0.213,0.9,12.267,2.621,1.077,38.443,38.81270993,49.8046107537
2008-02-28,XEC,0.438454,0.129978,0.123027,0.12305,0.645,0.296,1.59,12.885,3.119,1.37,40.134,51.2588293501,50.5649864904
2008-03-13,XEC,0.438454,0.129978,0.123027,0.12305,0.645,0.296,1.59,12.966,3.139,1.378,40.134,51.5819890382,60.2312630431
2008-05-06,XEC,0.477076,0.149835,0.024237,0.148011,0.648,0.314,1.84,13.047,3.517,1.657,41.804,64.6129282259,47.3271878848
2008-08-05,XEC,0.616383,0.229308,0.021514,0.169486,0.648,0.372,2.81,7.118,2.21,1.145,44.447,47.460369921,35.7227599217
2008-11-04,XEC,0.576549,-0.232129,0.032582,0.201883,0.639,-0.403,-2.85,11.649,1.53,0.948,41.723,36.9036776051,18.9235138903
2009-02-27,XEC,0.300339,-1.048699,-0.20017,0.001715,0.773,-3.492,-12.88,-1.816,0.831,0.697,28.799,18.7991429699,26.9406547599
2009-05-06,XEC,0.209179,-0.4941,0.001745,0.00346,0.813,-2.362,-6.05,-1.584,1.438,1.32,22.258,28.1173950068,35.5613998861
2009-08-07,XEC,0.222685,0.038807,2e-06,0.003518,0.798,0.174,0.46,-1.823,2.418,1.672,22.691,36.3763686082,38.1898985182
2009-11-03,XEC,0.249134,0.038705,2e-06,0.003555,0.757,0.155,0.46,-2.41,3.599,1.827,23.149,40.6097764228,55.9547728979
2010-02-26,XEC,0.328796,0.104645,-0.000418,0.003137,0.69,0.318,1.28,-16.061,4.962,2.458,24.31,57.5237782277,62.6062004005
2010-05-07,XEC,0.44857,0.204361,0.059998,0.063135,0.657,0.456,2.42,13.28,4.109,2.293,26.681,58.9002675662,67.6100885281
2010-08-04,XEC,0.378501,0.12462,0.079515,0.142716,0.635,0.329,1.47,13.106,4.406,2.614,28.155,70.9347009201,76.1803869061
2010-11-03,XEC,0.378583,0.128216,0.006039,0.148755,0.658,0.339,1.5,11.741,4.299,2.636,29.542,75.1384059302,110.747738288
2011-02-25,XEC,0.408029,0.117585,-0.03397,0.114825,0.67,0.288,1.38,17.367,6.186,3.825,30.517,112.806318291,94.4820568548
2011-05-06,XEC,0.426596,0.118162,-0.05998,0.054146,0.679,0.277,1.38,16.685,5.122,2.995,31.816,92.1045419216,78.175020125
2011-08-04,XEC,0.467213,0.166749,-0.040996,0.01315,0.691,0.357,1.95,11.601,3.664,2.132,33.746,69.612533391,65.5386940581
2011-11-03,XEC,0.433809,0.128152,0.04401,0.05716,0.696,0.295,1.49,10.071,3.079,1.774,35.145,60.3936546517,81.2486800207
2012-02-22,XEC,0.430271,0.116869,-0.054754,0.002406,0.734,0.272,1.36,13.541,4.082,2.292,36.529,81.3750236619,65.0183814998
2012-05-03,XEC,0.423036,0.106107,0.002,0.004406,0.776,0.251,1.24,10.714,3.163,1.718,37.687,62.9094145662,55.2972984118
2012-08-02,XEC,0.353122,0.064302,0.092526,0.096932,0.832,0.182,0.75,11.204,2.838,1.414,38.284,52.7072154082,57.7945095004
2012-11-02,XEC,0.406912,0.084262,-0.091521,0.005411,0.869,0.207,0.97,14.667,3.378,1.613,39.033,61.4334953282,65.1517881067
2013-02-26,XEC,0.440868,0.099152,0.064127,0.069538,0.815,0.225,1.14,16.362,3.565,1.666,40.214,65.6120517533,73.4463265895
2013-05-07,XEC,0.426356,0.089927,-0.051006,0.018532,0.848,0.211,1.04,18.65,3.87,1.772,41.117,71.3310723837,77.978821204
2013-08-07,XEC,0.493757,0.129565,-0.014,0.004532,0.847,0.262,1.5,16.856,3.841,1.846,42.53,77.0368346889,102.100123937
2013-11-06,XEC,0.561336,0.13837,-1e-06,0.005349,0.848,0.247,1.59,19.087,4.538,2.286,43.947,98.7383984736,110.925390002
2014-02-26,XEC,0.516602,0.206827,0.0,0.005349,0.803,0.4,2.36,17.161,4.85,2.409,46.226,109.762422785,118.267852512
2014-05-07,XEC,0.599216,0.138457,-1e-06,0.005348,0.837,0.231,1.59,18.638,5.265,2.756,47.657,129.424453265,135.299869961
2014-08-06,XEC,0.636669,0.14864,0.124025,0.128555,0.959,0.233,1.71,18.946,5.177,2.795,49.259,135.842608845,104.921118602
2014-11-05,XEC,0.64974,0.144315,0.435102,0.563657,0.951,0.222,1.65,15.241,4.049,2.196,50.774,110.147415376,113.577765403
2015-02-25,XEC,0.538551,0.075792,-0.157795,0.405862,0.939,0.141,0.85,20.217,4.23,2.278,51.379,115.985459461,108.435406488
2015-03-09,XEC,0.538551,0.075792,-0.157795,0.405862,0.939,0.141,0.85,18.687,3.91,2.106,51.379,107.206788943,122.039373329
2015-05-05,XEC,0.361002,-0.414941,-0.28493,0.120932,0.924,-1.149,-4.84,-226.272,4.782,2.558,46.606,118.125631958,103.523683459
2015-08-05,XEC,0.424283,-0.600215,0.735948,0.85688,0.804,-1.415,-6.47,-12.845,5.175,2.434,44.424,107.274110174,119.936846407
2015-11-04,XEC,0.356055,-0.763284,0.042432,0.899312,0.845,-2.144,-8.21,-6.587,6.676,3.266,36.315,117.830599601,87.616384609
2016-02-23,XEC,0.311279,-0.630508,-0.11993,0.779382,0.874,-2.026,-6.78,-3.396,5.631,2.924,29.505,85.991643916,105.80749973
2016-05-05,XEC,0.2406,-0.186131,-0.102743,0.676639,0.875,-0.774,-2.0,-4.944,8.091,4.123,27.573,113.313203667,121.082904071
2016-08-04,XEC,0.298873,-0.27029,-0.0349,0.641739,0.931,-0.904,-2.91,-6.438,9.871,5.076,24.707,125.092734159,128.084240955
2016-11-03,XEC,0.335717,-0.012818,0.056957,0.698696,0.945,-0.038,-0.14,-10.494,9.727,4.946,24.57,121.297263331,127.493768165
2017-02-24,XEC,0.382155,0.03819,-0.04582,0.652876,0.984,0.1,0.42,-27.812,9.535,5.08,24.811,125.944815816,118.929560662
2017-05-10,XEC,0.447176,0.130972,-0.073968,0.578908,0.987,0.293,1.38,-100.22,7.801,5.165,23.247,119.988844204,94.0
